1 0.5661057692307693 0.5757211538461539 0.05048076923076923 0.09375
1 0.12139423076923077 0.5985576923076923 0.04326923076923077 0.0673076923076923
1 0.040865384615384616 0.5649038461538461 0.038461538461538464 0.05048076923076923
1 0.06971153846153846 0.5949519230769231 0.038461538461538464 0.0673076923076923
1 0.21754807692307693 0.5901442307692307 0.03365384615384615 0.06490384615384616
1 0.2704326923076923 0.5769230769230769 0.03365384615384615 0.0673076923076923
1 0.3088942307692308 0.6057692307692307 0.04807692307692308 0.08173076923076923
1 0.3954326923076923 0.5721153846153846 0.04807692307692308 0.07932692307692307
1 0.5216346153846154 0.5973557692307693 0.038461538461538464 0.07211538461538461
1 0.4951923076923077 0.5793269230769231 0.03365384615384615 0.06490384615384616
1 0.6430288461538461 0.5757211538461539 0.038461538461538464 0.06490384615384616
1 0.6838942307692307 0.5757211538461539 0.03365384615384615 0.07211538461538461
1 0.7259615384615384 0.5949519230769231 0.04326923076923077 0.07692307692307693
0 0.9507211538461539 0.6454326923076923 0.07211538461538461 0.09615384615384616
1 0.8100961538461539 0.5697115384615384 0.05048076923076923 0.07692307692307693
1 0.9122596153846154 0.5649038461538461 0.03365384615384615 0.06490384615384616
1 0.9795673076923077 0.5733173076923077 0.040865384615384616 0.08173076923076923