1 0.010817307692307692 0.4362980769230769 0.021634615384615384 0.18509615384615385
0 0.4951923076923077 0.4795673076923077 0.10336538461538461 0.16105769230769232
0 0.3485576923076923 0.5168269230769231 0.0985576923076923 0.16105769230769232
0 0.6490384615384616 0.5012019230769231 0.10576923076923077 0.18509615384615385
0 0.7103365384615384 0.5204326923076923 0.07692307692307693 0.14182692307692307
0 0.5216346153846154 0.3786057692307692 0.07211538461538461 0.11538461538461539
0 0.4098557692307692 0.38461538461538464 0.07451923076923077 0.1201923076923077
0 0.9435096153846154 0.36177884615384615 0.0625 0.10817307692307693
0 0.7992788461538461 0.36177884615384615 0.0673076923076923 0.11538461538461539
0 0.7752403846153846 0.29927884615384615 0.06009615384615385 0.0985576923076923
0 0.328125 0.4338942307692308 0.08413461538461539 0.11057692307692307
0 0.84375 0.39302884615384615 0.057692307692307696 0.11298076923076923
0 0.8413461538461539 0.3076923076923077 0.057692307692307696 0.0889423076923077
0 0.4495192307692308 0.4495192307692308 0.06009615384615385 0.11057692307692307
0 0.9146634615384616 0.33413461538461536 0.04807692307692308 0.0889423076923077
0 0.9723557692307693 0.30528846153846156 0.026442307692307692 0.09134615384615384