1 0.9170673076923077 0.4519230769230769 0.04807692307692308 0.09375
1 0.7608173076923077 0.421875 0.10096153846153846 0.1778846153846154
1 0.6466346153846154 0.4026442307692308 0.10336538461538461 0.17548076923076922
0 0.53125 0.3954326923076923 0.07451923076923077 0.13221153846153846
0 0.8533653846153846 0.4110576923076923 0.0673076923076923 0.11538461538461539
0 0.96875 0.43028846153846156 0.0625 0.12980769230769232
0 0.14903846153846154 0.4338942307692308 0.06009615384615385 0.11538461538461539
0 0.28365384615384615 0.3870192307692308 0.07692307692307693 0.125
0 0.34615384615384615 0.4338942307692308 0.052884615384615384 0.10096153846153846
0 0.39903846153846156 0.4326923076923077 0.08173076923076923 0.12740384615384615
0 0.4326923076923077 0.47115384615384615 0.052884615384615384 0.11778846153846154
0 0.4831730769230769 0.4699519230769231 0.057692307692307696 0.10817307692307693