1 0.578125 0.5540865384615384 0.0673076923076923 0.10576923076923077
1 0.11899038461538461 0.6430288461538461 0.055288461538461536 0.07692307692307693
1 0.030048076923076924 0.6189903846153846 0.04326923076923077 0.057692307692307696
1 0.06490384615384616 0.6478365384615384 0.05048076923076923 0.07692307692307693
1 0.21754807692307693 0.6201923076923077 0.04326923076923077 0.07211538461538461
1 0.2704326923076923 0.5985576923076923 0.04807692307692308 0.07692307692307693
1 0.31490384615384615 0.6225961538461539 0.0625 0.09375
1 0.39903846153846156 0.5745192307692307 0.0625 0.0889423076923077
1 0.5348557692307693 0.5829326923076923 0.05048076923076923 0.07932692307692307
1 0.5036057692307693 0.5685096153846154 0.04326923076923077 0.07211538461538461
1 0.6574519230769231 0.5432692307692307 0.04807692307692308 0.07451923076923077
1 0.7007211538461539 0.5372596153846154 0.04807692307692308 0.07932692307692307
1 0.7463942307692307 0.5516826923076923 0.055288461538461536 0.08413461538461539
0 0.9711538461538461 0.5721153846153846 0.057692307692307696 0.11057692307692307
1 0.8305288461538461 0.5132211538461539 0.06490384615384616 0.08653846153846154
1 0.9375 0.49158653846153844 0.04567307692307692 0.07211538461538461
1 0.9903846153846154 0.49399038461538464 0.019230769230769232 0.0889423076923077