1 0.08774038461538461 0.4266826923076923 0.04567307692307692 0.09615384615384616
1 0.24879807692307693 0.39903846153846156 0.0985576923076923 0.18269230769230768
1 0.36778846153846156 0.3858173076923077 0.10096153846153846 0.1778846153846154
0 0.4879807692307692 0.38221153846153844 0.07211538461538461 0.13701923076923078
0 0.15504807692307693 0.3870192307692308 0.06490384615384616 0.11778846153846154
0 0.03125 0.4026442307692308 0.0625 0.13221153846153846
0 0.8834134615384616 0.4338942307692308 0.057692307692307696 0.11778846153846154
0 0.7439903846153846 0.38100961538461536 0.07692307692307693 0.12740384615384615
0 0.6778846153846154 0.42788461538461536 0.05048076923076923 0.10336538461538461
0 0.6237980769230769 0.42427884615384615 0.08173076923076923 0.12980769230769232
0 0.5865384615384616 0.4639423076923077 0.05048076923076923 0.1201923076923077
0 0.5348557692307693 0.46033653846153844 0.057692307692307696 0.11057692307692307