1 0.18028846153846154 0.42788461538461536 0.08653846153846154 0.13701923076923078
1 0.07211538461538461 0.37259615384615385 0.1201923076923077 0.18028846153846154
1 0.46875 0.4639423076923077 0.0673076923076923 0.11057692307692307
1 0.9242788461538461 0.42788461538461536 0.15144230769230768 0.22115384615384615
1 0.25 0.4495192307692308 0.0673076923076923 0.11057692307692307
1 0.33533653846153844 0.4411057692307692 0.07211538461538461 0.10096153846153846
1 0.7980769230769231 0.5 0.06971153846153846 0.11778846153846154
1 0.6622596153846154 0.45913461538461536 0.0673076923076923 0.0985576923076923
1 0.7475961538461539 0.4579326923076923 0.0625 0.11057692307692307
1 0.5769230769230769 0.4579326923076923 0.055288461538461536 0.10096153846153846
1 0.859375 0.4831730769230769 0.0673076923076923 0.14423076923076922