1 0.9771634615384616 0.4411057692307692 0.04567307692307692 0.18509615384615385
0 0.48677884615384615 0.45552884615384615 0.11057692307692307 0.1658653846153846
0 0.6310096153846154 0.5 0.10576923076923077 0.16346153846153846
0 0.3329326923076923 0.46634615384615385 0.11298076923076923 0.18509615384615385
0 0.27163461538461536 0.4831730769230769 0.08173076923076923 0.14182692307692307
0 0.46634615384615385 0.35336538461538464 0.07692307692307693 0.11778846153846154
0 0.5769230769230769 0.36538461538461536 0.07932692307692307 0.1201923076923077
0 0.04927884615384615 0.31490384615384615 0.06490384615384616 0.10817307692307693
0 0.19230769230769232 0.32091346153846156 0.07211538461538461 0.11538461538461539
0 0.21754807692307693 0.2608173076923077 0.0625 0.10096153846153846
0 0.6550480769230769 0.4182692307692308 0.08653846153846154 0.11298076923076923
0 0.14423076923076922 0.35096153846153844 0.06490384615384616 0.11538461538461539
0 0.15144230769230768 0.2668269230769231 0.0625 0.09134615384615384
0 0.5348557692307693 0.4266826923076923 0.06490384615384616 0.11298076923076923
0 0.078125 0.28846153846153844 0.05048076923076923 0.0889423076923077