1 0.11658653846153846 0.34375 0.05048076923076923 0.09615384615384616
1 0.2776442307692308 0.3605769230769231 0.10576923076923077 0.18269230769230768
1 0.3954326923076923 0.37740384615384615 0.10817307692307693 0.18028846153846154
0 0.5096153846153846 0.40384615384615385 0.07692307692307693 0.13701923076923078
0 0.19110576923076922 0.3233173076923077 0.06971153846153846 0.11778846153846154
0 0.07091346153846154 0.3076923076923077 0.0673076923076923 0.13221153846153846
0 0.8725961538461539 0.5552884615384616 0.06490384615384616 0.11778846153846154
0 0.7536057692307693 0.4699519230769231 0.08173076923076923 0.12740384615384615
0 0.6778846153846154 0.4963942307692308 0.055288461538461536 0.10336538461538461
0 0.6274038461538461 0.4795673076923077 0.08653846153846154 0.13221153846153846
0 0.5829326923076923 0.5084134615384616 0.055288461538461536 0.1201923076923077
0 0.5348557692307693 0.49038461538461536 0.06009615384615385 0.11057692307692307