1 0.01201923076923077 0.3858173076923077 0.02403846153846154 0.18990384615384615
0 0.5192307692307693 0.4579326923076923 0.10096153846153846 0.16346153846153846
0 0.3641826923076923 0.4891826923076923 0.09615384615384616 0.16346153846153846
0 0.6766826923076923 0.4879807692307692 0.10096153846153846 0.18509615384615385
0 0.7379807692307693 0.5108173076923077 0.07211538461538461 0.14182692307692307
0 0.5516826923076923 0.3557692307692308 0.06971153846153846 0.11778846153846154
0 0.43509615384615385 0.35697115384615385 0.06971153846153846 0.1201923076923077
0 0.9759615384615384 0.3605769230769231 0.038461538461538464 0.10817307692307693
0 0.8377403846153846 0.35216346153846156 0.0625 0.11538461538461539
0 0.8173076923076923 0.28725961538461536 0.055288461538461536 0.10096153846153846
0 0.3485576923076923 0.4026442307692308 0.08173076923076923 0.11298076923076923
0 0.8834134615384616 0.38822115384615385 0.055288461538461536 0.11538461538461539
0 0.8846153846153846 0.29927884615384615 0.055288461538461536 0.0889423076923077
0 0.4723557692307692 0.42427884615384615 0.057692307692307696 0.11298076923076923
0 0.9591346153846154 0.33052884615384615 0.04326923076923077 0.0889423076923077