1 0.8209134615384616 0.5108173076923077 0.09375 0.14182692307692307
1 0.9362980769230769 0.4831730769230769 0.12740384615384615 0.18269230769230768
1 0.5360576923076923 0.47716346153846156 0.07451923076923077 0.11298076923076923
1 0.10576923076923077 0.33413461538461536 0.1658653846153846 0.22596153846153846
1 0.75 0.515625 0.07451923076923077 0.11298076923076923
1 0.6694711538461539 0.48677884615384615 0.07692307692307693 0.10336538461538461
1 0.2127403846153846 0.43149038461538464 0.07451923076923077 0.1201923076923077
1 0.35216346153846156 0.4254807692307692 0.07211538461538461 0.10096153846153846
1 0.2704326923076923 0.40384615384615385 0.0673076923076923 0.11057692307692307
1 0.4338942307692308 0.44471153846153844 0.0625 0.10336538461538461
1 0.15625 0.40024038461538464 0.07451923076923077 0.14423076923076922