1 0.09495192307692307 0.42788461538461536 0.09134615384615384 0.15144230769230768
1 0.015625 0.3786057692307692 0.03125 0.18990384615384615
1 0.41586538461538464 0.421875 0.07211538461538461 0.1201923076923077
1 0.9134615384615384 0.3137019230769231 0.1658653846153846 0.2403846153846154
1 0.17427884615384615 0.43990384615384615 0.07211538461538461 0.1201923076923077
1 0.2668269230769231 0.4182692307692308 0.07692307692307693 0.10817307692307693
1 0.7836538461538461 0.4110576923076923 0.07211538461538461 0.12980769230769232
1 0.6274038461538461 0.3870192307692308 0.06971153846153846 0.10817307692307693
1 0.7223557692307693 0.37259615384615385 0.06490384615384616 0.1201923076923077
1 0.5360576923076923 0.39903846153846156 0.06009615384615385 0.11057692307692307
1 0.8497596153846154 0.38341346153846156 0.0673076923076923 0.15865384615384615