1 0.5709134615384616 0.5709134615384616 0.05048076923076923 0.09134615384615384
1 0.12860576923076922 0.5949519230769231 0.04326923076923077 0.0673076923076923
1 0.04807692307692308 0.5612980769230769 0.038461538461538464 0.05048076923076923
1 0.078125 0.5913461538461539 0.038461538461538464 0.0673076923076923
1 0.2247596153846154 0.5853365384615384 0.03365384615384615 0.0625
1 0.2764423076923077 0.5733173076923077 0.03365384615384615 0.0673076923076923
1 0.3161057692307692 0.6021634615384616 0.04807692307692308 0.08173076923076923
1 0.4014423076923077 0.5673076923076923 0.04807692307692308 0.07692307692307693
1 0.5264423076923077 0.5925480769230769 0.038461538461538464 0.07211538461538461
1 0.5 0.5745192307692307 0.03365384615384615 0.0625
1 0.6466346153846154 0.5709134615384616 0.038461538461538464 0.0625
1 0.6887019230769231 0.5709134615384616 0.03365384615384615 0.07211538461538461
1 0.7295673076923077 0.5913461538461539 0.04326923076923077 0.07451923076923077
0 0.953125 0.640625 0.07211538461538461 0.09615384615384616
1 0.8137019230769231 0.5661057692307693 0.05048076923076923 0.07451923076923077
1 0.9158653846153846 0.5612980769230769 0.03365384615384615 0.0625
1 0.9807692307692307 0.5697115384615384 0.038461538461538464 0.08173076923076923