0 0.07211538461538461 0.3870192307692308 0.11538461538461539 0.1466346153846154
0 0.7271634615384616 0.41466346153846156 0.07211538461538461 0.11538461538461539
0 0.1935096153846154 0.39302884615384615 0.08413461538461539 0.125
0 0.42908653846153844 0.3942307692307692 0.06490384615384616 0.09375
0 0.037259615384615384 0.31009615384615385 0.055288461538461536 0.14423076923076922
1 0.6826923076923077 0.4206730769230769 0.040865384615384616 0.0889423076923077
1 0.609375 0.42788461538461536 0.038461538461538464 0.06490384615384616
1 0.47475961538461536 0.4266826923076923 0.038461538461538464 0.06490384615384616
0 0.5576923076923077 0.4423076923076923 0.038461538461538464 0.0673076923076923
0 0.6454326923076923 0.453125 0.040865384615384616 0.06971153846153846
0 0.36658653846153844 0.4266826923076923 0.0625 0.10336538461538461
0 0.33052884615384615 0.40384615384615385 0.036057692307692304 0.0673076923076923
0 0.2608173076923077 0.4098557692307692 0.05048076923076923 0.07211538461538461