1 0.234375 0.20552884615384615 0.10096153846153846 0.14423076923076922
1 0.41466346153846156 0.38100961538461536 0.1346153846153846 0.17548076923076922
1 0.29086538461538464 0.4963942307692308 0.20192307692307693 0.25721153846153844
0 0.9507211538461539 0.20432692307692307 0.0985576923076923 0.18269230769230768
0 0.8064903846153846 0.2247596153846154 0.07932692307692307 0.12740384615384615
0 0.5192307692307693 0.22956730769230768 0.09134615384615384 0.125
1 0.6947115384615384 0.25 0.057692307692307696 0.09615384615384616
1 0.6225961538461539 0.2668269230769231 0.06009615384615385 0.09615384615384616
1 0.5865384615384616 0.265625 0.04807692307692308 0.07932692307692307
1 0.5408653846153846 0.2548076923076923 0.055288461538461536 0.10336538461538461
0 0.7644230769230769 0.26802884615384615 0.0673076923076923 0.08413461538461539