1 0.8197115384615384 0.25721153846153844 0.08173076923076923 0.1346153846153846
1 0.6105769230769231 0.390625 0.11298076923076923 0.16105769230769232
1 0.7067307692307693 0.5264423076923077 0.17067307692307693 0.23557692307692307
0 0.12139423076923077 0.10817307692307693 0.0985576923076923 0.16826923076923078
0 0.2668269230769231 0.15865384615384615 0.0625 0.1201923076923077
0 0.5408653846153846 0.22235576923076922 0.07692307692307693 0.11538461538461539
1 0.36778846153846156 0.20552884615384615 0.04567307692307692 0.09134615384615384
1 0.43509615384615385 0.23677884615384615 0.04807692307692308 0.09134615384615384
1 0.46875 0.24278846153846154 0.036057692307692304 0.07451923076923077
1 0.515625 0.24158653846153846 0.040865384615384616 0.09615384615384616
0 0.2980769230769231 0.2091346153846154 0.055288461538461536 0.07932692307692307
0 0.03125 0.18509615384615385 0.04326923076923077 0.0889423076923077