1 0.9651442307692307 0.5036057692307693 0.06971153846153846 0.12259615384615384
0 0.7596153846153846 0.49399038461538464 0.08173076923076923 0.11538461538461539
0 0.4098557692307692 0.4098557692307692 0.0673076923076923 0.11057692307692307
0 0.4963942307692308 0.4206730769230769 0.07211538461538461 0.0889423076923077
0 0.6598557692307693 0.4375 0.0673076923076923 0.11057692307692307
0 0.8485576923076923 0.45552884615384615 0.0625 0.08653846153846154
1 0.7283653846153846 0.41225961538461536 0.055288461538461536 0.07932692307692307
0 0.7283653846153846 0.4495192307692308 0.05048076923076923 0.06971153846153846
0 0.5829326923076923 0.41586538461538464 0.05048076923076923 0.08413461538461539
0 0.5264423076923077 0.39783653846153844 0.052884615384615384 0.09134615384615384
0 0.33653846153846156 0.37259615384615385 0.0625 0.0889423076923077
0 0.4579326923076923 0.3737980769230769 0.04326923076923077 0.0625