1 0.96875 0.3641826923076923 0.052884615384615384 0.11778846153846154
0 0.7680288461538461 0.4014423076923077 0.07451923076923077 0.11057692307692307
0 0.40625 0.39783653846153844 0.06009615384615385 0.10576923076923077
0 0.4951923076923077 0.3894230769230769 0.0673076923076923 0.08413461538461539
0 0.6574519230769231 0.36899038461538464 0.06009615384615385 0.10576923076923077
0 0.8473557692307693 0.34375 0.055288461538461536 0.08173076923076923
1 0.71875 0.3293269230769231 0.05048076923076923 0.07692307692307693
0 0.7283653846153846 0.36538461538461536 0.04326923076923077 0.0673076923076923
0 0.5769230769230769 0.36538461538461536 0.04567307692307692 0.08173076923076923
0 0.5192307692307693 0.36177884615384615 0.04567307692307692 0.0889423076923077
0 0.3269230769230769 0.3786057692307692 0.055288461538461536 0.08653846153846154
0 0.44471153846153844 0.35216346153846156 0.038461538461538464 0.06009615384615385