1 0.7091346153846154 0.30528846153846156 0.19471153846153846 0.20673076923076922
1 0.9362980769230769 0.2824519230769231 0.10817307692307693 0.20673076923076922
1 0.3004807692307692 0.31850961538461536 0.20432692307692307 0.2091346153846154
1 0.5228365384615384 0.2644230769230769 0.1971153846153846 0.1778846153846154
1 0.7764423076923077 0.20552884615384615 0.16826923076923078 0.18269230769230768
1 0.39903846153846156 0.20072115384615385 0.16105769230769232 0.15384615384615385
1 0.17427884615384615 0.2439903846153846 0.17307692307692307 0.21153846153846154
1 0.8581730769230769 0.19471153846153846 0.1346153846153846 0.15144230769230768
1 0.9375 0.13822115384615385 0.0889423076923077 0.11538461538461539
1 0.546875 0.13701923076923078 0.13942307692307693 0.12740384615384615
1 0.0733173076923077 0.2439903846153846 0.10576923076923077 0.1658653846153846
1 0.7283653846153846 0.13581730769230768 0.1346153846153846 0.11538461538461539
1 0.23197115384615385 0.06370192307692307 0.10576923076923077 0.07932692307692307
1 0.13581730769230768 0.11538461538461539 0.1201923076923077 0.11057692307692307
1 0.03125 0.21634615384615385 0.0625 0.16826923076923078
1 0.5997596153846154 0.06610576923076923 0.10096153846153846 0.10336538461538461
1 0.6634615384615384 0.1141826923076923 0.10336538461538461 0.11778846153846154