1 0.30288461538461536 0.28725961538461536 0.20432692307692307 0.21634615384615385
1 0.06129807692307692 0.2668269230769231 0.11298076923076923 0.21875
1 0.7379807692307693 0.29447115384615385 0.21394230769230768 0.21875
1 0.5012019230769231 0.2403846153846154 0.20673076923076922 0.18509615384615385
1 0.22956730769230768 0.1814903846153846 0.17548076923076922 0.19230769230769232
1 0.6310096153846154 0.17067307692307693 0.16826923076923078 0.16105769230769232
1 0.8701923076923077 0.2127403846153846 0.18028846153846154 0.22355769230769232
1 0.14182692307692307 0.171875 0.13942307692307693 0.15865384615384615
1 0.057692307692307696 0.11298076923076923 0.09375 0.12259615384615384
1 0.4723557692307692 0.1045673076923077 0.14423076923076922 0.1346153846153846
1 0.9603365384615384 0.20793269230769232 0.07932692307692307 0.17548076923076922
1 0.27884615384615385 0.10697115384615384 0.14182692307692307 0.1201923076923077
1 0.8064903846153846 0.036057692307692304 0.11057692307692307 0.055288461538461536
1 0.9110576923076923 0.07572115384615384 0.125 0.11778846153846154
1 0.9939903846153846 0.17668269230769232 0.01201923076923077 0.17548076923076922
1 0.41346153846153844 0.042067307692307696 0.10576923076923077 0.08413461538461539
1 0.3473557692307692 0.0829326923076923 0.10817307692307693 0.12259615384615384