1 0.24759615384615385 0.29927884615384615 0.2091346153846154 0.22115384615384615
1 0.025240384615384616 0.28966346153846156 0.05048076923076923 0.22355769230769232
1 0.6995192307692307 0.2824519230769231 0.21875 0.22355769230769232
1 0.45072115384615385 0.2403846153846154 0.21153846153846154 0.18990384615384615
1 0.1658653846153846 0.19471153846153846 0.1778846153846154 0.1971153846153846
1 0.5817307692307693 0.16105769230769232 0.17307692307692307 0.16346153846153846
1 0.8329326923076923 0.19110576923076922 0.18269230769230768 0.2283653846153846
1 0.0733173076923077 0.18870192307692307 0.14182692307692307 0.16346153846153846
1 0.015625 0.13221153846153846 0.03125 0.125
1 0.41346153846153844 0.09975961538461539 0.1466346153846154 0.13701923076923078
1 0.9411057692307693 0.18389423076923078 0.10817307692307693 0.18028846153846154
1 0.2127403846153846 0.1141826923076923 0.14423076923076922 0.12259615384615384
1 0.7560096153846154 0.019230769230769232 0.11298076923076923 0.038461538461538464
1 0.8641826923076923 0.052884615384615384 0.12740384615384615 0.10576923076923077
1 0.9759615384615384 0.14903846153846154 0.038461538461538464 0.18028846153846154
1 0.34975961538461536 0.042067307692307696 0.10817307692307693 0.08173076923076923
1 0.2824519230769231 0.08533653846153846 0.11057692307692307 0.125