0 0.057692307692307696 0.48677884615384615 0.11538461538461539 0.15144230769230768
0 0.7007211538461539 0.3449519230769231 0.07932692307692307 0.1201923076923077
0 0.17427884615384615 0.46274038461538464 0.0889423076923077 0.12980769230769232
0 0.40384615384615385 0.4026442307692308 0.06971153846153846 0.0985576923076923
0 0.015625 0.4230769230769231 0.03125 0.14903846153846154
1 0.65625 0.3605769230769231 0.04807692307692308 0.09134615384615384
1 0.5865384615384616 0.38822115384615385 0.04326923076923077 0.0673076923076923
1 0.45552884615384615 0.421875 0.04326923076923077 0.0673076923076923
0 0.5408653846153846 0.41586538461538464 0.04326923076923077 0.06971153846153846
0 0.6286057692307693 0.40384615384615385 0.04567307692307692 0.07211538461538461
0 0.34975961538461536 0.45072115384615385 0.0673076923076923 0.10576923076923077
0 0.31009615384615385 0.4362980769230769 0.038461538461538464 0.06971153846153846
0 0.24278846153846154 0.46153846153846156 0.052884615384615384 0.07451923076923077