0 0.9314903846153846 0.4699519230769231 0.11057692307692307 0.14182692307692307
0 0.29086538461538464 0.3737980769230769 0.06971153846153846 0.11538461538461539
0 0.8112980769230769 0.453125 0.08173076923076923 0.1201923076923077
0 0.5841346153846154 0.4110576923076923 0.0625 0.09375
0 0.9759615384615384 0.40384615384615385 0.04807692307692308 0.14423076923076922
1 0.33533653846153844 0.38822115384615385 0.040865384615384616 0.0889423076923077
1 0.40384615384615385 0.4098557692307692 0.038461538461538464 0.06490384615384616
1 0.5348557692307693 0.4326923076923077 0.038461538461538464 0.06490384615384616
0 0.4519230769230769 0.4326923076923077 0.038461538461538464 0.0673076923076923
0 0.36538461538461536 0.4266826923076923 0.040865384615384616 0.06971153846153846
0 0.6394230769230769 0.4543269230769231 0.057692307692307696 0.10096153846153846
0 0.6778846153846154 0.4375 0.03365384615384615 0.06490384615384616
0 0.7451923076923077 0.4579326923076923 0.04807692307692308 0.06971153846153846