1 0.8293269230769231 0.2824519230769231 0.07932692307692307 0.12740384615384615
1 0.6298076923076923 0.4098557692307692 0.10817307692307693 0.15144230769230768
1 0.7211538461538461 0.5372596153846154 0.16346153846153846 0.22355769230769232
0 0.16105769230769232 0.13942307692307693 0.09375 0.16105769230769232
0 0.3016826923076923 0.18870192307692307 0.06009615384615385 0.11298076923076923
0 0.5625 0.24879807692307693 0.07211538461538461 0.10817307692307693
1 0.39903846153846156 0.23317307692307693 0.04326923076923077 0.08653846153846154
1 0.46153846153846156 0.2620192307692308 0.04567307692307692 0.08653846153846154
1 0.49399038461538464 0.26802884615384615 0.036057692307692304 0.06971153846153846
1 0.5384615384615384 0.26802884615384615 0.038461538461538464 0.09375
0 0.3317307692307692 0.23677884615384615 0.052884615384615384 0.07451923076923077
0 0.07572115384615384 0.21394230769230768 0.040865384615384616 0.08413461538461539