1 0.028846153846153848 0.37259615384615385 0.057692307692307696 0.11057692307692307
0 0.9747596153846154 0.4483173076923077 0.05048076923076923 0.15865384615384615
0 0.22716346153846154 0.39302884615384615 0.0625 0.10096153846153846
0 0.5697115384615384 0.36658653846153844 0.05048076923076923 0.0985576923076923
0 0.4855769230769231 0.3641826923076923 0.057692307692307696 0.07692307692307693
0 0.3293269230769231 0.3557692307692308 0.05048076923076923 0.0985576923076923
0 0.14783653846153846 0.34375 0.04807692307692308 0.07692307692307693
1 0.2692307692307692 0.32211538461538464 0.04326923076923077 0.06971153846153846
0 0.2620192307692308 0.35697115384615385 0.038461538461538464 0.0625
0 0.4050480769230769 0.3473557692307692 0.038461538461538464 0.07692307692307693
0 0.46033653846153844 0.3389423076923077 0.038461538461538464 0.08173076923076923
0 0.6442307692307693 0.3425480769230769 0.04807692307692308 0.07692307692307693
0 0.5288461538461539 0.32572115384615385 0.03365384615384615 0.057692307692307696