1 0.38341346153846156 0.3701923076923077 0.07692307692307693 0.11778846153846154
1 0.5108173076923077 0.38100961538461536 0.06971153846153846 0.12259615384615384
1 0.21995192307692307 0.39903846153846156 0.06971153846153846 0.12259615384615384
1 0.9603365384615384 0.5060096153846154 0.0625 0.1201923076923077
0 0.8533653846153846 0.47836538461538464 0.06971153846153846 0.10817307692307693
0 0.13341346153846154 0.3858173076923077 0.07211538461538461 0.11778846153846154
0 0.6658653846153846 0.4254807692307692 0.06009615384615385 0.0985576923076923
1 0.3112980769230769 0.3858173076923077 0.052884615384615384 0.09375
0 0.5420673076923077 0.41346153846153844 0.05048076923076923 0.09134615384615384
0 0.7451923076923077 0.4675480769230769 0.04807692307692308 0.07211538461538461
0 0.45552884615384615 0.41225961538461536 0.040865384615384616 0.07451923076923077
0 0.6201923076923077 0.4254807692307692 0.05048076923076923 0.06971153846153846