1 0.40384615384615385 0.40384615384615385 0.07451923076923077 0.11538461538461539
1 0.5336538461538461 0.41225961538461536 0.0673076923076923 0.12259615384615384
1 0.23918269230769232 0.43990384615384615 0.0673076923076923 0.12259615384615384
1 0.9807692307692307 0.5192307692307693 0.038461538461538464 0.1201923076923077
0 0.8858173076923077 0.4987980769230769 0.0673076923076923 0.11057692307692307
0 0.15144230769230768 0.42788461538461536 0.06971153846153846 0.1201923076923077
0 0.6923076923076923 0.45072115384615385 0.057692307692307696 0.0985576923076923
1 0.33052884615384615 0.4230769230769231 0.05048076923076923 0.09615384615384616
0 0.5661057692307693 0.44350961538461536 0.04807692307692308 0.09134615384615384
0 0.7752403846153846 0.49158653846153844 0.04567307692307692 0.07211538461538461
0 0.4795673076923077 0.44471153846153844 0.040865384615384616 0.07451923076923077
0 0.6454326923076923 0.4519230769230769 0.05048076923076923 0.06971153846153846