1 0.6117788461538461 0.40024038461538464 0.07211538461538461 0.11057692307692307
1 0.4891826923076923 0.40865384615384615 0.06490384615384616 0.11538461538461539
1 0.7668269230769231 0.43028846153846156 0.06490384615384616 0.11538461538461539
1 0.054086538461538464 0.5204326923076923 0.06009615384615385 0.11538461538461539
0 0.15745192307692307 0.4963942307692308 0.06490384615384616 0.10336538461538461
0 0.8497596153846154 0.4182692307692308 0.0673076923076923 0.11298076923076923
0 0.3389423076923077 0.44711538461538464 0.055288461538461536 0.09375
1 0.6802884615384616 0.41586538461538464 0.04807692307692308 0.0889423076923077
0 0.4579326923076923 0.4387019230769231 0.04567307692307692 0.08653846153846154
0 0.2620192307692308 0.4879807692307692 0.04326923076923077 0.06971153846153846
0 0.5408653846153846 0.4387019230769231 0.038461538461538464 0.06971153846153846
0 0.38341346153846156 0.4483173076923077 0.04807692307692308 0.06490384615384616