0 0.16346153846153846 0.46274038461538464 0.07451923076923077 0.10576923076923077
0 0.484375 0.5060096153846154 0.06009615384615385 0.09134615384615384
0 0.9507211538461539 0.5925480769230769 0.05048076923076923 0.07211538461538461
0 0.2692307692307692 0.5012019230769231 0.038461538461538464 0.06490384615384616
0 0.3076923076923077 0.5024038461538461 0.038461538461538464 0.06009615384615385
0 0.3605769230769231 0.5132211538461539 0.04326923076923077 0.06009615384615385
0 0.3870192307692308 0.5108173076923077 0.03125 0.06009615384615385
0 0.44471153846153844 0.515625 0.04567307692307692 0.07211538461538461
0 0.5697115384615384 0.5540865384615384 0.052884615384615384 0.07692307692307693
0 0.7920673076923077 0.5793269230769231 0.05048076923076923 0.07692307692307693
0 0.9074519230769231 0.5973557692307693 0.04567307692307692 0.0625
0 0.8365384615384616 0.5913461538461539 0.04807692307692308 0.06490384615384616
0 0.7367788461538461 0.5492788461538461 0.04567307692307692 0.06971153846153846
0 0.6237980769230769 0.5721153846153846 0.04326923076923077 0.0673076923076923
0 0.6502403846153846 0.5673076923076923 0.036057692307692304 0.06971153846153846
0 0.051682692307692304 0.46634615384615385 0.040865384615384616 0.06490384615384616
0 0.019230769230769232 0.46634615384615385 0.038461538461538464 0.07211538461538461
0 0.19951923076923078 0.4795673076923077 0.036057692307692304 0.06971153846153846