0 0.14783653846153846 0.48677884615384615 0.0673076923076923 0.10576923076923077
0 0.4891826923076923 0.49158653846153844 0.052884615384615384 0.09134615384615384
0 0.9831730769230769 0.5192307692307693 0.03365384615384615 0.07211538461538461
0 0.26322115384615385 0.5132211538461539 0.03365384615384615 0.06490384615384616
0 0.30408653846153844 0.5084134615384616 0.03365384615384615 0.0625
0 0.36177884615384615 0.5144230769230769 0.038461538461538464 0.0625
0 0.38822115384615385 0.5084134615384616 0.026442307692307692 0.0625
0 0.45072115384615385 0.5060096153846154 0.040865384615384616 0.07211538461538461
0 0.5853365384615384 0.5288461538461539 0.04807692307692308 0.07692307692307693
0 0.8209134615384616 0.5264423076923077 0.04567307692307692 0.07692307692307693
0 0.9459134615384616 0.53125 0.04326923076923077 0.0625
0 0.8701923076923077 0.5348557692307693 0.04326923076923077 0.06490384615384616
0 0.7608173076923077 0.5048076923076923 0.040865384615384616 0.06971153846153846
0 0.6442307692307693 0.5420673076923077 0.038461538461538464 0.06971153846153846
0 0.671875 0.5348557692307693 0.03125 0.07211538461538461
0 0.03125 0.5048076923076923 0.036057692307692304 0.06490384615384616
0 0.007211538461538462 0.5120192307692307 0.014423076923076924 0.07211538461538461
0 0.1875 0.5 0.03125 0.07211538461538461