1 0.39302884615384615 0.3798076923076923 0.0673076923076923 0.11778846153846154
1 0.23317307692307693 0.42427884615384615 0.06009615384615385 0.10817307692307693
1 0.9831730769230769 0.4519230769230769 0.03365384615384615 0.10576923076923077
1 0.5216346153846154 0.3762019230769231 0.055288461538461536 0.11538461538461539
0 0.8810096153846154 0.4387019230769231 0.0625 0.10576923076923077
0 0.14302884615384615 0.4266826923076923 0.06009615384615385 0.11298076923076923
0 0.6899038461538461 0.40024038461538464 0.055288461538461536 0.10336538461538461
1 0.3245192307692308 0.4050480769230769 0.04567307692307692 0.10336538461538461
0 0.47475961538461536 0.4098557692307692 0.038461538461538464 0.06971153846153846
0 0.4423076923076923 0.4110576923076923 0.028846153846153848 0.0625
0 0.5637019230769231 0.4014423076923077 0.040865384615384616 0.09375
0 0.6430288461538461 0.4170673076923077 0.04567307692307692 0.07932692307692307
0 0.5925480769230769 0.41947115384615385 0.036057692307692304 0.06490384615384616
0 0.7740384615384616 0.43509615384615385 0.036057692307692304 0.07211538461538461
0 0.7536057692307693 0.4338942307692308 0.03365384615384615 0.06009615384615385
0 0.7956730769230769 0.42908653846153844 0.028846153846153848 0.06009615384615385