1 0.2548076923076923 0.41225961538461536 0.18509615384615385 0.24278846153846154
1 0.5769230769230769 0.8689903846153846 0.20673076923076922 0.2620192307692308
1 0.7512019230769231 0.41466346153846156 0.19230769230769232 0.2548076923076923
1 0.8918269230769231 0.2127403846153846 0.1875 0.3004807692307692
1 0.625 0.6334134615384616 0.17307692307692307 0.24278846153846154
1 0.9519230769230769 0.4074519230769231 0.09615384615384616 0.27163461538461536
1 0.7199519230769231 0.25600961538461536 0.15865384615384615 0.23557692307692307
1 0.2608173076923077 0.7091346153846154 0.19951923076923078 0.25
1 0.9230769230769231 0.7740384615384616 0.13221153846153846 0.30288461538461536
0 0.43990384615384615 0.47596153846153844 0.16105769230769232 0.2091346153846154
0 0.7475961538461539 0.78125 0.16826923076923078 0.25721153846153844