1 0.7584134615384616 0.46634615384615385 0.18509615384615385 0.24519230769230768
1 0.3449519230769231 0.8629807692307693 0.20432692307692307 0.2644230769230769
1 0.26322115384615385 0.37259615384615385 0.19230769230769232 0.25721153846153844
1 0.16105769230769232 0.1466346153846154 0.1875 0.2932692307692308
1 0.34615384615384615 0.6153846153846154 0.17307692307692307 0.24278846153846154
1 0.055288461538461536 0.3233173076923077 0.10576923076923077 0.2764423076923077
1 0.3233173076923077 0.21875 0.15865384615384615 0.2403846153846154
1 0.6971153846153846 0.7620192307692307 0.19951923076923078 0.25240384615384615
1 0.040865384615384616 0.6995192307692307 0.08173076923076923 0.3076923076923077
0 0.5637019230769231 0.49399038461538464 0.16346153846153846 0.21153846153846154
0 0.19471153846153846 0.7391826923076923 0.16826923076923078 0.25721153846153844