1 0.5552884615384616 0.06129807692307692 0.09134615384615384 0.12259615384615384
1 0.5048076923076923 0.16706730769230768 0.10336538461538461 0.19951923076923078
1 0.7872596153846154 0.2668269230769231 0.16826923076923078 0.27403846153846156
1 0.32091346153846156 0.1141826923076923 0.10336538461538461 0.19471153846153846
1 0.6430288461538461 0.038461538461538464 0.0889423076923077 0.07692307692307693
1 0.4326923076923077 0.06850961538461539 0.08413461538461539 0.1346153846153846
1 0.6490384615384616 0.13341346153846154 0.11057692307692307 0.20673076923076922
1 0.8521634615384616 0.06370192307692307 0.11778846153846154 0.12740384615384615
1 0.14302884615384615 0.4266826923076923 0.1875 0.2980769230769231
1 0.19230769230769232 0.22235576923076922 0.11057692307692307 0.18990384615384615
1 0.7151442307692307 0.1045673076923077 0.10096153846153846 0.1875
1 0.03485576923076923 0.2439903846153846 0.06971153846153846 0.2091346153846154
1 0.48677884615384615 0.05048076923076923 0.07451923076923077 0.10096153846153846
1 0.051682692307692304 0.4182692307692308 0.10336538461538461 0.28846153846153844
1 0.5865384615384616 0.21634615384615385 0.13221153846153846 0.23317307692307693
1 0.2776442307692308 0.2800480769230769 0.14423076923076922 0.2403846153846154
1 0.39903846153846156 0.23317307692307693 0.1466346153846154 0.27884615384615385
1 0.9399038461538461 0.20192307692307693 0.07692307692307693 0.23798076923076922
1 0.2536057692307692 0.08173076923076923 0.06490384615384616 0.11057692307692307
1 0.14423076923076922 0.12139423076923077 0.08173076923076923 0.11778846153846154