1 0.3713942307692308 0.07932692307692307 0.07932692307692307 0.15144230769230768
1 0.4362980769230769 0.19591346153846154 0.08173076923076923 0.1971153846153846
1 0.15985576923076922 0.3329326923076923 0.14182692307692307 0.2668269230769231
1 0.6189903846153846 0.11778846153846154 0.08413461538461539 0.1971153846153846
1 0.2764423076923077 0.05889423076923077 0.08173076923076923 0.11778846153846154
1 0.5 0.08653846153846154 0.06971153846153846 0.13221153846153846
1 0.2860576923076923 0.17908653846153846 0.0889423076923077 0.20432692307692307
1 0.06490384615384616 0.1045673076923077 0.10096153846153846 0.18269230769230768
1 0.8401442307692307 0.41586538461538464 0.16105769230769232 0.29086538461538464
1 0.7632211538461539 0.21394230769230768 0.09134615384615384 0.18509615384615385
1 0.21394230769230768 0.15865384615384615 0.08173076923076923 0.18509615384615385
1 0.9507211538461539 0.2127403846153846 0.0985576923076923 0.20432692307692307
1 0.4411057692307692 0.06129807692307692 0.06490384615384616 0.12259615384615384
1 0.9483173076923077 0.3954326923076923 0.10336538461538461 0.2860576923076923
1 0.3605769230769231 0.25600961538461536 0.11057692307692307 0.2283653846153846
1 0.6838942307692307 0.28365384615384615 0.12259615384615384 0.23557692307692307
1 0.5528846153846154 0.2512019230769231 0.1201923076923077 0.27403846153846156
1 0.01201923076923077 0.2848557692307692 0.021634615384615384 0.2403846153846154
1 0.6838942307692307 0.0673076923076923 0.055288461538461536 0.12740384615384615
1 0.8004807692307693 0.1045673076923077 0.06971153846153846 0.11298076923076923