1 0.25721153846153844 0.41225961538461536 0.18028846153846154 0.23798076923076922
1 0.5829326923076923 0.8653846153846154 0.19951923076923078 0.2692307692307692
1 0.7475961538461539 0.40625 0.18509615384615385 0.25
1 0.8846153846153846 0.203125 0.18028846153846154 0.2932692307692308
1 0.6262019230769231 0.6237980769230769 0.16826923076923078 0.23798076923076922
1 0.9507211538461539 0.39302884615384615 0.0985576923076923 0.2668269230769231
1 0.7151442307692307 0.25 0.15384615384615385 0.23317307692307693
1 0.265625 0.7055288461538461 0.19471153846153846 0.24519230769230768
1 0.9278846153846154 0.7596153846153846 0.12740384615384615 0.2980769230769231
0 0.43990384615384615 0.47115384615384615 0.15625 0.20432692307692307
0 0.75 0.7668269230769231 0.16346153846153846 0.25