1 0.2512019230769231 0.30649038461538464 0.08413461538461539 0.15144230769230768
0 0.6298076923076923 0.3545673076923077 0.07451923076923077 0.13701923076923078
0 0.9459134615384616 0.359375 0.07692307692307693 0.14182692307692307
0 0.8569711538461539 0.3545673076923077 0.10336538461538461 0.1658653846153846
0 0.5576923076923077 0.4110576923076923 0.07211538461538461 0.11538461538461539
0 0.18028846153846154 0.34375 0.057692307692307696 0.10336538461538461
0 0.30408653846153844 0.3786057692307692 0.05048076923076923 0.0985576923076923
0 0.36778846153846156 0.3942307692307692 0.038461538461538464 0.06971153846153846
0 0.41225961538461536 0.41947115384615385 0.036057692307692304 0.06971153846153846
0 0.45552884615384615 0.4050480769230769 0.038461538461538464 0.0625
0 0.734375 0.41225961538461536 0.04807692307692308 0.08653846153846154