1 0.7079326923076923 0.2932692307692308 0.09375 0.14903846153846154
0 0.3629807692307692 0.3798076923076923 0.08653846153846154 0.1346153846153846
0 0.07091346153846154 0.4206730769230769 0.08653846153846154 0.13942307692307693
0 0.15264423076923078 0.40625 0.11298076923076923 0.1658653846153846
0 0.4362980769230769 0.42427884615384615 0.07932692307692307 0.11298076923076923
0 0.7776442307692307 0.31971153846153844 0.06490384615384616 0.10096153846153846
0 0.6670673076923077 0.36538461538461536 0.06009615384615385 0.0985576923076923
0 0.6105769230769231 0.3870192307692308 0.04567307692307692 0.0673076923076923
0 0.5721153846153846 0.41466346153846156 0.040865384615384616 0.0673076923076923
0 0.5288461538461539 0.4074519230769231 0.04326923076923077 0.0625
0 0.27403846153846156 0.44591346153846156 0.052884615384615384 0.08653846153846154