1 0.039663461538461536 0.921875 0.07932692307692307 0.13701923076923078
1 0.32572115384615385 0.7115384615384616 0.0625 0.10576923076923077
1 0.43990384615384615 0.6658653846153846 0.04807692307692308 0.0889423076923077
1 0.9891826923076923 0.7932692307692307 0.021634615384615384 0.09615384615384616
1 0.8834134615384616 0.7632211538461539 0.04326923076923077 0.09134615384615384
1 0.7824519230769231 0.7680288461538461 0.04807692307692308 0.07692307692307693
1 0.78125 0.019230769230769232 0.036057692307692304 0.038461538461538464
1 0.7115384615384616 0.2644230769230769 0.036057692307692304 0.057692307692307696
1 0.5709134615384616 0.6766826923076923 0.04326923076923077 0.0673076923076923
1 0.38341346153846156 0.8269230769230769 0.057692307692307696 0.11057692307692307
1 0.49399038461538464 0.8137019230769231 0.055288461538461536 0.10576923076923077
1 0.5516826923076923 0.8245192307692307 0.052884615384615384 0.10096153846153846
1 0.5625 0.78125 0.04807692307692308 0.09134615384615384
1 0.6466346153846154 0.7608173076923077 0.038461538461538464 0.06971153846153846
1 0.4795673076923077 0.5492788461538461 0.04326923076923077 0.052884615384615384
1 0.5216346153846154 0.5084134615384616 0.03125 0.06009615384615385
1 0.6033653846153846 0.5252403846153846 0.04326923076923077 0.06971153846153846
1 0.5516826923076923 0.4074519230769231 0.03125 0.06971153846153846
1 0.5973557692307693 0.4362980769230769 0.028846153846153848 0.057692307692307696
0 0.17548076923076922 0.8329326923076923 0.0625 0.07211538461538461