1 0.6490384615384616 0.390625 0.07692307692307693 0.125
1 0.8040865384615384 0.46274038461538464 0.06971153846153846 0.11538461538461539
1 0.03365384615384615 0.3713942307692308 0.055288461538461536 0.11298076923076923
1 0.5216346153846154 0.36658653846153844 0.0673076923076923 0.1201923076923077
0 0.14903846153846154 0.3737980769230769 0.07451923076923077 0.11298076923076923
0 0.8942307692307693 0.47836538461538464 0.06971153846153846 0.1201923076923077
0 0.3473557692307692 0.36658653846153844 0.06490384615384616 0.10817307692307693
1 0.7163461538461539 0.42788461538461536 0.055288461538461536 0.10576923076923077
0 0.5637019230769231 0.4098557692307692 0.04567307692307692 0.07451923076923077
0 0.5949519230769231 0.41586538461538464 0.036057692307692304 0.06490384615384616
0 0.4735576923076923 0.3870192307692308 0.05048076923076923 0.09615384615384616
0 0.390625 0.3894230769230769 0.052884615384615384 0.08413461538461539
0 0.4423076923076923 0.40024038461538464 0.04326923076923077 0.06971153846153846
0 0.25600961538461536 0.3870192307692308 0.04326923076923077 0.07692307692307693
0 0.2776442307692308 0.3894230769230769 0.038461538461538464 0.0625
0 0.234375 0.37740384615384615 0.036057692307692304 0.0625