1 0.030048076923076924 0.4026442307692308 0.038461538461538464 0.05048076923076923
0 0.17668269230769232 0.3942307692307692 0.12259615384615384 0.17548076923076922
0 0.10817307692307693 0.3954326923076923 0.04326923076923077 0.0673076923076923
0 0.4026442307692308 0.41586538461538464 0.07451923076923077 0.10096153846153846
0 0.4699519230769231 0.4206730769230769 0.07451923076923077 0.10576923076923077
0 0.546875 0.44350961538461536 0.052884615384615384 0.08173076923076923
0 0.5829326923076923 0.4651442307692308 0.04807692307692308 0.07451923076923077
0 0.6502403846153846 0.46153846153846156 0.038461538461538464 0.055288461538461536
0 0.7211538461538461 0.4807692307692308 0.057692307692307696 0.07932692307692307
0 0.796875 0.4831730769230769 0.055288461538461536 0.07932692307692307
0 0.8713942307692307 0.4795673076923077 0.055288461538461536 0.07211538461538461
0 0.9194711538461539 0.4879807692307692 0.036057692307692304 0.06490384615384616
0 0.9723557692307693 0.48677884615384615 0.055288461538461536 0.08413461538461539