1 0.9783653846153846 0.5228365384615384 0.038461538461538464 0.04807692307692308
0 0.8473557692307693 0.4735576923076923 0.11538461538461539 0.16826923076923078
0 0.9098557692307693 0.49399038461538464 0.040865384615384616 0.06490384615384616
0 0.6370192307692307 0.4254807692307692 0.06971153846153846 0.09615384615384616
0 0.5733173076923077 0.4110576923076923 0.07211538461538461 0.10096153846153846
0 0.4987980769230769 0.4098557692307692 0.05048076923076923 0.07932692307692307
0 0.45913461538461536 0.4170673076923077 0.04567307692307692 0.06971153846153846
0 0.40024038461538464 0.3954326923076923 0.036057692307692304 0.052884615384615384
0 0.3293269230769231 0.3918269230769231 0.055288461538461536 0.07692307692307693
0 0.2620192307692308 0.3701923076923077 0.052884615384615384 0.07451923076923077
0 0.1935096153846154 0.34615384615384615 0.05048076923076923 0.0673076923076923
0 0.14783653846153846 0.34134615384615385 0.036057692307692304 0.0625
0 0.0985576923076923 0.32211538461538464 0.052884615384615384 0.07932692307692307
0 0.037259615384615384 0.31490384615384615 0.03125 0.052884615384615384