1 0.2764423076923077 0.2980769230769231 0.08413461538461539 0.1466346153846154
0 0.6322115384615384 0.3557692307692308 0.07692307692307693 0.12980769230769232
0 0.9314903846153846 0.3713942307692308 0.07692307692307693 0.13701923076923078
0 0.8473557692307693 0.3629807692307692 0.10096153846153846 0.16105769230769232
0 0.5625 0.4074519230769231 0.07211538461538461 0.11057692307692307
0 0.20673076923076922 0.33052884615384615 0.057692307692307696 0.0985576923076923
0 0.3233173076923077 0.36658653846153844 0.052884615384615384 0.09615384615384616
0 0.38341346153846156 0.38461538461538464 0.040865384615384616 0.0673076923076923
0 0.4254807692307692 0.4098557692307692 0.036057692307692304 0.0673076923076923
0 0.46634615384615385 0.39663461538461536 0.040865384615384616 0.0625
0 0.7295673076923077 0.41346153846153844 0.04807692307692308 0.08413461538461539