1 0.5697115384615384 0.10096153846153846 0.09134615384615384 0.14423076923076922
1 0.5240384615384616 0.21514423076923078 0.10096153846153846 0.1875
1 0.7932692307692307 0.30408653846153844 0.16346153846153846 0.25961538461538464
1 0.34975961538461536 0.16706730769230768 0.10336538461538461 0.18990384615384615
1 0.6490384615384616 0.06370192307692307 0.09134615384615384 0.12740384615384615
1 0.4543269230769231 0.12379807692307693 0.08173076923076923 0.12740384615384615
1 0.6598557692307693 0.18028846153846154 0.10817307692307693 0.19471153846153846
1 0.8497596153846154 0.08653846153846154 0.11298076923076923 0.17307692307692307
1 0.18509615384615385 0.46634615384615385 0.18028846153846154 0.28125
1 0.22956730769230768 0.27283653846153844 0.10817307692307693 0.1778846153846154
1 0.7223557692307693 0.15144230769230768 0.0985576923076923 0.1778846153846154
1 0.057692307692307696 0.2956730769230769 0.11538461538461539 0.1971153846153846
1 0.5024038461538461 0.08774038461538461 0.07451923076923077 0.13221153846153846
1 0.07451923076923077 0.46274038461538464 0.14903846153846154 0.2764423076923077
1 0.6021634615384616 0.25961538461538464 0.12980769230769232 0.22115384615384615
1 0.3112980769230769 0.3269230769230769 0.13942307692307693 0.2283653846153846
1 0.4266826923076923 0.2800480769230769 0.14423076923076922 0.2644230769230769
1 0.9387019230769231 0.23798076923076922 0.08413461538461539 0.22596153846153846
1 0.2824519230769231 0.12740384615384615 0.0673076923076923 0.12740384615384615
1 0.18269230769230768 0.17908653846153846 0.07692307692307693 0.11298076923076923