1 0.359375 0.4206730769230769 0.06971153846153846 0.11778846153846154
1 0.2091346153846154 0.48197115384615385 0.0625 0.10817307692307693
1 0.9519230769230769 0.4206730769230769 0.057692307692307696 0.10817307692307693
1 0.4831730769230769 0.4014423076923077 0.06009615384615385 0.11538461538461539
0 0.8389423076923077 0.41947115384615385 0.0673076923076923 0.10576923076923077
0 0.12139423076923077 0.49399038461538464 0.0625 0.11298076923076923
0 0.6502403846153846 0.40625 0.057692307692307696 0.10336538461538461
1 0.29447115384615385 0.453125 0.05048076923076923 0.10096153846153846
0 0.4411057692307692 0.43990384615384615 0.040865384615384616 0.06971153846153846
0 0.4110576923076923 0.44591346153846156 0.03365384615384615 0.0625
0 0.5264423076923077 0.421875 0.04567307692307692 0.09134615384615384
0 0.6069711538461539 0.4266826923076923 0.04807692307692308 0.07932692307692307
0 0.5564903846153846 0.43509615384615385 0.038461538461538464 0.0673076923076923
0 0.7355769230769231 0.42908653846153844 0.038461538461538464 0.07211538461538461
0 0.7163461538461539 0.43028846153846156 0.036057692307692304 0.06009615384615385
0 0.7560096153846154 0.4206730769230769 0.03365384615384615 0.057692307692307696