1 0.9615384615384616 0.375 0.038461538461538464 0.04807692307692308
0 0.8209134615384616 0.36658653846153844 0.11778846153846154 0.16826923076923078
0 0.8882211538461539 0.36778846153846156 0.04326923076923077 0.06490384615384616
0 0.6033653846153846 0.3870192307692308 0.07211538461538461 0.0985576923076923
0 0.5384615384615384 0.39302884615384615 0.07211538461538461 0.10096153846153846
0 0.4651442307692308 0.41466346153846156 0.05048076923076923 0.07932692307692307
0 0.43149038461538464 0.4326923076923077 0.04567307692307692 0.07211538461538461
0 0.36658653846153844 0.4326923076923077 0.036057692307692304 0.055288461538461536
0 0.2980769230769231 0.4495192307692308 0.055288461538461536 0.07692307692307693
0 0.22596153846153846 0.45072115384615385 0.052884615384615384 0.07451923076923077
0 0.15384615384615385 0.4495192307692308 0.05048076923076923 0.06971153846153846
0 0.10817307692307693 0.4567307692307692 0.036057692307692304 0.0625
0 0.055288461538461536 0.45552884615384615 0.052884615384615384 0.07932692307692307
0 0.004807692307692308 0.46634615384615385 0.009615384615384616 0.052884615384615384