1 0.019230769230769232 0.8461538461538461 0.038461538461538464 0.14423076923076922
1 0.3004807692307692 0.6730769230769231 0.07451923076923077 0.11057692307692307
1 0.41947115384615385 0.6418269230769231 0.057692307692307696 0.09375
1 0.9507211538461539 0.8353365384615384 0.03365384615384615 0.09615384615384616
1 0.8485576923076923 0.7908653846153846 0.055288461538461536 0.09615384615384616
1 0.7475961538461539 0.7836538461538461 0.055288461538461536 0.08173076923076923
1 0.8377403846153846 0.04807692307692308 0.038461538461538464 0.026442307692307692
1 0.7391826923076923 0.2764423076923077 0.04326923076923077 0.0625
1 0.5480769230769231 0.6682692307692307 0.052884615384615384 0.07211538461538461
1 0.34375 0.7932692307692307 0.06971153846153846 0.11778846153846154
1 0.45552884615384615 0.7944711538461539 0.0673076923076923 0.11057692307692307
1 0.5108173076923077 0.8125 0.06490384615384616 0.10817307692307693
1 0.5276442307692307 0.7704326923076923 0.06009615384615385 0.0985576923076923
1 0.6129807692307693 0.7608173076923077 0.04807692307692308 0.07451923076923077
1 0.47475961538461536 0.53125 0.05048076923076923 0.06009615384615385
1 0.5216346153846154 0.49399038461538464 0.038461538461538464 0.0625
1 0.5985576923076923 0.5216346153846154 0.05048076923076923 0.07451923076923077
1 0.5625 0.39903846153846156 0.038461538461538464 0.07211538461538461
1 0.6033653846153846 0.4326923076923077 0.036057692307692304 0.06009615384615385
0 0.13701923076923078 0.7752403846153846 0.07211538461538461 0.08173076923076923