1 0.9026442307692307 0.953125 0.0985576923076923 0.09375
1 0.6454326923076923 0.7391826923076923 0.07211538461538461 0.11057692307692307
1 0.9459134615384616 0.9074519230769231 0.028846153846153848 0.125
1 0.5396634615384616 0.6814903846153846 0.057692307692307696 0.09375
1 0.09495192307692307 0.7223557692307693 0.052884615384615384 0.09375
1 0.19230769230769232 0.7391826923076923 0.055288461538461536 0.07932692307692307
1 0.2824519230769231 0.015625 0.040865384615384616 0.03125
1 0.32091346153846156 0.25721153846153844 0.040865384615384616 0.06009615384615385
1 0.4110576923076923 0.6766826923076923 0.05048076923076923 0.06971153846153846
1 0.5769230769230769 0.8449519230769231 0.06971153846153846 0.11538461538461539
1 0.4699519230769231 0.8185096153846154 0.0673076923076923 0.10817307692307693
1 0.4110576923076923 0.8233173076923077 0.0625 0.10576923076923077
1 0.40625 0.7788461538461539 0.057692307692307696 0.09615384615384616
1 0.3269230769230769 0.75 0.04807692307692308 0.07211538461538461
1 0.5144230769230769 0.5637019230769231 0.05048076923076923 0.057692307692307696
1 0.47836538461538464 0.5180288461538461 0.038461538461538464 0.0625
1 0.39663461538461536 0.5252403846153846 0.05048076923076923 0.07211538461538461
1 0.46033653846153844 0.41586538461538464 0.038461538461538464 0.07211538461538461
1 0.41346153846153844 0.4387019230769231 0.036057692307692304 0.06009615384615385
0 0.7788461538461539 0.8762019230769231 0.06971153846153846 0.07932692307692307