1 0.24879807692307693 0.39663461538461536 0.09615384615384616 0.1658653846153846
1 0.4543269230769231 0.3557692307692308 0.10096153846153846 0.17307692307692307
1 0.16105769230769232 0.46033653846153844 0.12980769230769232 0.20673076923076922
1 0.38341346153846156 0.19230769230769232 0.08173076923076923 0.16105769230769232
1 0.6069711538461539 0.6322115384615384 0.14423076923076922 0.23557692307692307
1 0.90625 0.5793269230769231 0.14903846153846154 0.18990384615384615
1 0.8016826923076923 0.35216346153846156 0.09615384615384616 0.11778846153846154
1 0.23918269230769232 0.14182692307692307 0.0673076923076923 0.1466346153846154
1 0.43509615384615385 0.08533653846153846 0.0673076923076923 0.12740384615384615
1 0.6899038461538461 0.07211538461538461 0.07692307692307693 0.14423076923076922
1 0.375 0.8076923076923077 0.19471153846153846 0.3076923076923077
1 0.6502403846153846 0.40865384615384615 0.11538461538461539 0.19230769230769232