0 0.27884615384615385 0.15985576923076922 0.16826923076923078 0.31971153846153844
0 0.7752403846153846 0.3581730769230769 0.17067307692307693 0.3389423076923077
0 0.4795673076923077 0.25841346153846156 0.15144230769230768 0.30528846153846156
0 0.9098557692307693 0.18629807692307693 0.1658653846153846 0.3269230769230769
0 0.7716346153846154 0.18629807692307693 0.12980769230769232 0.20192307692307693
0 0.14423076923076922 0.1658653846153846 0.13221153846153846 0.23798076923076922
0 0.06009615384615385 0.1346153846153846 0.09134615384615384 0.2692307692307692
0 0.6814903846153846 0.27884615384615385 0.10336538461538461 0.25961538461538464
0 0.9819711538461539 0.18990384615384615 0.036057692307692304 0.3173076923076923
0 0.546875 0.21634615384615385 0.09134615384615384 0.27403846153846156
0 0.34615384615384615 0.21995192307692307 0.09615384615384616 0.3004807692307692