1 0.28966346153846156 0.39663461538461536 0.08413461538461539 0.15144230769230768
1 0.4831730769230769 0.3786057692307692 0.0889423076923077 0.15625
1 0.203125 0.44591346153846156 0.11298076923076923 0.18990384615384615
1 0.4338942307692308 0.22115384615384615 0.07211538461538461 0.1466346153846154
1 0.5973557692307693 0.6490384615384616 0.12740384615384615 0.21394230769230768
1 0.8786057692307693 0.6274038461538461 0.13221153846153846 0.17067307692307693
1 0.8040865384615384 0.40865384615384615 0.08653846153846154 0.10817307692307693
1 0.30528846153846156 0.16105769230769232 0.057692307692307696 0.1346153846153846
1 0.49158653846153844 0.12860576923076922 0.057692307692307696 0.11538461538461539
1 0.7283653846153846 0.1310096153846154 0.0673076923076923 0.14903846153846154
1 0.36658653846153844 0.7872596153846154 0.17067307692307693 0.28125
1 0.6598557692307693 0.44711538461538464 0.10096153846153846 0.17548076923076922