0 0.6598557692307693 0.17668269230769232 0.18028846153846154 0.34134615384615385
0 0.2091346153846154 0.4098557692307692 0.18028846153846154 0.3245192307692308
0 0.4795673076923077 0.29927884615384615 0.16105769230769232 0.29086538461538464
0 0.07932692307692307 0.25721153846153844 0.15865384615384615 0.3173076923076923
0 0.20192307692307693 0.2512019230769231 0.13221153846153846 0.19471153846153846
0 0.7872596153846154 0.18870192307692307 0.13942307692307693 0.2283653846153846
0 0.8894230769230769 0.140625 0.16346153846153846 0.28125
0 0.2920673076923077 0.33052884615384615 0.11057692307692307 0.24759615384615385
0 0.015625 0.25961538461538464 0.03125 0.3173076923076923
0 0.41346153846153844 0.26322115384615385 0.10096153846153846 0.25721153846153844
0 0.6009615384615384 0.25240384615384615 0.10817307692307693 0.28365384615384615