1 0.7211538461538461 0.4254807692307692 0.10096153846153846 0.16826923076923078
1 0.5168269230769231 0.37740384615384615 0.10817307692307693 0.1778846153846154
1 0.8076923076923077 0.49158653846153844 0.13701923076923078 0.21394230769230768
1 0.5925480769230769 0.21514423076923078 0.0889423076923077 0.16346153846153846
1 0.35216346153846156 0.6502403846153846 0.15384615384615385 0.2403846153846154
1 0.06490384615384616 0.5853365384615384 0.12980769230769232 0.19471153846153846
1 0.1658653846153846 0.359375 0.10096153846153846 0.12259615384615384
1 0.7403846153846154 0.16826923076923078 0.07211538461538461 0.14903846153846154
1 0.5456730769230769 0.1045673076923077 0.07211538461538461 0.12980769230769232
1 0.28725961538461536 0.078125 0.08413461538461539 0.15625
1 0.5793269230769231 0.8329326923076923 0.20673076923076922 0.31490384615384615
1 0.3161057692307692 0.42427884615384615 0.12259615384615384 0.1971153846153846