0 0.7692307692307693 0.2848557692307692 0.07451923076923077 0.11538461538461539
0 0.2764423076923077 0.3137019230769231 0.08173076923076923 0.1201923076923077
0 0.5612980769230769 0.2512019230769231 0.06971153846153846 0.11538461538461539
0 0.8882211538461539 0.26802884615384615 0.052884615384615384 0.07451923076923077
0 0.38461538461538464 0.31850961538461536 0.04326923076923077 0.0625
0 0.32211538461538464 0.3389423076923077 0.055288461538461536 0.0889423076923077
0 0.22235576923076922 0.3449519230769231 0.05048076923076923 0.07211538461538461
0 0.0889423076923077 0.33052884615384615 0.055288461538461536 0.08653846153846154
0 0.15144230769230768 0.34375 0.04567307692307692 0.0625
0 0.030048076923076924 0.3581730769230769 0.040865384615384616 0.06009615384615385
0 0.4699519230769231 0.2848557692307692 0.052884615384615384 0.08413461538461539