0 0.32572115384615385 0.20793269230769232 0.18269230769230768 0.33653846153846156
0 0.7632211538461539 0.44591346153846156 0.18028846153846154 0.31971153846153844
0 0.5012019230769231 0.33052884615384615 0.16105769230769232 0.2860576923076923
0 0.9002403846153846 0.2980769230769231 0.1778846153846154 0.3125
0 0.7728365384615384 0.28846153846153844 0.13221153846153846 0.19230769230769232
0 0.20192307692307693 0.21875 0.13942307692307693 0.22596153846153846
0 0.10576923076923077 0.15745192307692307 0.15625 0.30288461538461536
0 0.6838942307692307 0.36658653846153844 0.11298076923076923 0.24278846153846154
0 0.9675480769230769 0.30528846153846156 0.06490384615384616 0.3125
0 0.5649038461538461 0.296875 0.10336538461538461 0.2548076923076923
0 0.38221153846153844 0.28365384615384615 0.11057692307692307 0.27884615384615385