0 0.21394230769230768 0.3581730769230769 0.0673076923076923 0.10817307692307693
0 0.6911057692307693 0.3016826923076923 0.07211538461538461 0.11057692307692307
0 0.4074519230769231 0.2920673076923077 0.06009615384615385 0.10817307692307693
0 0.09735576923076923 0.36177884615384615 0.04567307692307692 0.06971153846153846
0 0.5877403846153846 0.32572115384615385 0.038461538461538464 0.057692307692307696
0 0.6502403846153846 0.33413461538461536 0.04807692307692308 0.08413461538461539
0 0.7475961538461539 0.3233173076923077 0.04326923076923077 0.0673076923076923
0 0.8713942307692307 0.2860576923076923 0.04807692307692308 0.08173076923076923
0 0.8149038461538461 0.31009615384615385 0.040865384615384616 0.057692307692307696
0 0.9338942307692307 0.30288461538461536 0.036057692307692304 0.055288461538461536
0 0.5 0.30649038461538464 0.04807692307692308 0.07692307692307693