0 0.17427884615384615 0.35336538461538464 0.07211538461538461 0.11538461538461539
0 0.671875 0.2860576923076923 0.07692307692307693 0.11778846153846154
0 0.375 0.2800480769230769 0.06490384615384616 0.11538461538461539
0 0.051682692307692304 0.359375 0.05048076923076923 0.07451923076923077
0 0.5649038461538461 0.3125 0.040865384615384616 0.0625
0 0.6310096153846154 0.31971153846153844 0.052884615384615384 0.0889423076923077
0 0.7319711538461539 0.30649038461538464 0.04567307692307692 0.07211538461538461
0 0.8605769230769231 0.265625 0.052884615384615384 0.08653846153846154
0 0.8028846153846154 0.2920673076923077 0.04567307692307692 0.0625
0 0.9254807692307693 0.2824519230769231 0.038461538461538464 0.057692307692307696
0 0.47115384615384615 0.2932692307692308 0.05048076923076923 0.08173076923076923