1 0.37259615384615385 0.27163461538461536 0.1466346153846154 0.2644230769230769
1 0.11177884615384616 0.3894230769230769 0.09134615384615384 0.17067307692307693
1 0.8569711538461539 0.3125 0.10576923076923077 0.19951923076923078
1 0.9158653846153846 0.29927884615384615 0.06971153846153846 0.1346153846153846
1 0.19110576923076922 0.3401442307692308 0.07211538461538461 0.14182692307692307
1 0.6033653846153846 0.3894230769230769 0.13942307692307693 0.31490384615384615
1 0.015625 0.3425480769230769 0.03125 0.21394230769230768
1 0.5336538461538461 0.2980769230769231 0.04567307692307692 0.0985576923076923
1 0.2512019230769231 0.3786057692307692 0.055288461538461536 0.09134615384615384
1 0.2764423076923077 0.3401442307692308 0.03365384615384615 0.06490384615384616
0 0.4735576923076923 0.2932692307692308 0.04807692307692308 0.09134615384615384