0 0.9170673076923077 0.421875 0.07692307692307693 0.11057692307692307
0 0.41586538461538464 0.3713942307692308 0.0625 0.10336538461538461
0 0.7620192307692307 0.34975961538461536 0.0625 0.10817307692307693
0 0.11057692307692307 0.3894230769230769 0.0625 0.0985576923076923
0 0.8341346153846154 0.3870192307692308 0.052884615384615384 0.09134615384615384
0 0.6574519230769231 0.38341346153846156 0.040865384615384616 0.07451923076923077
0 0.5480769230769231 0.40024038461538464 0.06490384615384616 0.0985576923076923
0 0.7151442307692307 0.39302884615384615 0.052884615384615384 0.07692307692307693
0 0.28125 0.38822115384615385 0.055288461538461536 0.09134615384615384
0 0.3161057692307692 0.3557692307692308 0.04567307692307692 0.07211538461538461
0 0.037259615384615384 0.39302884615384615 0.040865384615384616 0.07932692307692307