1 0.3245192307692308 0.4495192307692308 0.09375 0.14182692307692307
1 0.8413461538461539 0.3894230769230769 0.15384615384615385 0.21394230769230768
1 0.22956730769230768 0.47596153846153844 0.11778846153846154 0.1875
1 0.042067307692307696 0.45913461538461536 0.08413461538461539 0.1875
1 0.9326923076923077 0.33413461538461536 0.11538461538461539 0.21153846153846154
1 0.7211538461538461 0.4170673076923077 0.0889423076923077 0.125
1 0.6021634615384616 0.47475961538461536 0.07211538461538461 0.09615384615384616
1 0.39302884615384615 0.4266826923076923 0.08653846153846154 0.15865384615384615
1 0.5360576923076923 0.5420673076923077 0.09134615384615384 0.13701923076923078
1 0.4483173076923077 0.4795673076923077 0.06009615384615385 0.11298076923076923
1 0.5276442307692307 0.38822115384615385 0.0625 0.11057692307692307