0 0.9302884615384616 0.33052884615384615 0.1346153846153846 0.2692307692307692
0 0.31850961538461536 0.30288461538461536 0.07211538461538461 0.12980769230769232
0 0.7692307692307693 0.20432692307692307 0.07451923076923077 0.14423076923076922
0 0.27283653846153844 0.2956730769230769 0.055288461538461536 0.09134615384615384
0 0.9074519230769231 0.22355769230769232 0.10817307692307693 0.1875
0 0.8076923076923077 0.22235576923076922 0.07692307692307693 0.1466346153846154
0 0.03245192307692308 0.5240384615384616 0.06490384615384616 0.21153846153846154
0 0.6201923076923077 0.1875 0.04567307692307692 0.09375
0 0.5108173076923077 0.21514423076923078 0.055288461538461536 0.10576923076923077
0 0.43509615384615385 0.24158653846153846 0.052884615384615384 0.10817307692307693
0 0.14783653846153846 0.40024038461538464 0.10096153846153846 0.18990384615384615