0 0.057692307692307696 0.38221153846153844 0.10096153846153846 0.14423076923076922
0 0.6682692307692307 0.34375 0.0889423076923077 0.1466346153846154
0 0.15504807692307693 0.4230769230769231 0.07932692307692307 0.125
0 0.8028846153846154 0.36899038461538464 0.07692307692307693 0.10817307692307693
0 0.2644230769230769 0.4074519230769231 0.07211538461538461 0.10336538461538461
0 0.8918269230769231 0.3786057692307692 0.07211538461538461 0.11778846153846154
0 0.3545673076923077 0.41225961538461536 0.06009615384615385 0.09615384615384616
0 0.5492788461538461 0.3605769230769231 0.05048076923076923 0.09375
0 0.21153846153846154 0.4362980769230769 0.057692307692307696 0.10817307692307693
0 0.5240384615384616 0.3762019230769231 0.038461538461538464 0.0889423076923077
0 0.8413461538461539 0.32091346153846156 0.06009615384615385 0.09134615384615384
0 0.9483173076923077 0.36538461538461536 0.07451923076923077 0.12259615384615384