0 0.9447115384615384 0.4266826923076923 0.11057692307692307 0.25721153846153844
0 0.3858173076923077 0.26322115384615385 0.06490384615384616 0.12259615384615384
0 0.8293269230769231 0.27524038461538464 0.0673076923076923 0.13701923076923078
0 0.3473557692307692 0.24519230769230768 0.05048076923076923 0.08653846153846154
0 0.9519230769230769 0.3245192307692308 0.09615384615384616 0.1778846153846154
0 0.8617788461538461 0.3004807692307692 0.06971153846153846 0.13942307692307693
0 0.04807692307692308 0.39783653846153844 0.09615384615384616 0.20432692307692307
0 0.6947115384615384 0.2247596153846154 0.040865384615384616 0.0889423076923077
0 0.5865384615384616 0.2247596153846154 0.05048076923076923 0.10096153846153846
0 0.5084134615384616 0.23317307692307693 0.04807692307692308 0.10336538461538461
0 0.20432692307692307 0.3125 0.0889423076923077 0.1778846153846154