1 0.5877403846153846 0.2704326923076923 0.12740384615384615 0.25240384615384615
1 0.8605769230769231 0.34975961538461536 0.07932692307692307 0.16346153846153846
1 0.11658653846153846 0.37740384615384615 0.09134615384615384 0.18990384615384615
1 0.056490384615384616 0.37259615384615385 0.06009615384615385 0.12980769230769232
1 0.7764423076923077 0.3137019230769231 0.0625 0.13701923076923078
1 0.3786057692307692 0.4170673076923077 0.11778846153846154 0.30288461538461536
1 0.9675480769230769 0.28966346153846156 0.057692307692307696 0.2091346153846154
1 0.4338942307692308 0.31971153846153844 0.036057692307692304 0.09375
1 0.7211538461538461 0.359375 0.05048076923076923 0.0889423076923077
1 0.6911057692307693 0.3233173076923077 0.028846153846153848 0.06009615384615385
0 0.49038461538461536 0.30649038461538464 0.040865384615384616 0.0889423076923077