0 0.08533653846153846 0.39903846153846156 0.07932692307692307 0.11298076923076923
0 0.59375 0.35697115384615385 0.06490384615384616 0.10576923076923077
0 0.24519230769230768 0.33052884615384615 0.06490384615384616 0.11057692307692307
0 0.9050480769230769 0.38100961538461536 0.06490384615384616 0.0985576923076923
0 0.17067307692307693 0.36778846153846156 0.057692307692307696 0.09375
0 0.34975961538461536 0.36538461538461536 0.04326923076923077 0.07692307692307693
0 0.46153846153846156 0.3858173076923077 0.0673076923076923 0.0985576923076923
0 0.2920673076923077 0.375 0.055288461538461536 0.07932692307692307
0 0.7307692307692307 0.37740384615384615 0.06009615384615385 0.09375
0 0.6959134615384616 0.34375 0.04567307692307692 0.07211538461538461
0 0.9783653846153846 0.3870192307692308 0.04326923076923077 0.08173076923076923