1 0.6262019230769231 0.3894230769230769 0.0889423076923077 0.1346153846153846
1 0.140625 0.48677884615384615 0.1466346153846154 0.20192307692307693
1 0.71875 0.38461538461538464 0.11298076923076923 0.1778846153846154
1 0.9050480769230769 0.31009615384615385 0.12740384615384615 0.18028846153846154
1 0.04807692307692308 0.46274038461538464 0.09615384615384616 0.19951923076923078
1 0.25721153846153844 0.47596153846153844 0.08413461538461539 0.11778846153846154
1 0.38221153846153844 0.49278846153846156 0.06971153846153846 0.09134615384615384
1 0.5564903846153846 0.38822115384615385 0.08173076923076923 0.14903846153846154
1 0.46274038461538464 0.5324519230769231 0.08653846153846154 0.12980769230769232
1 0.5228365384615384 0.4519230769230769 0.057692307692307696 0.10576923076923077
1 0.4230769230769231 0.3942307692307692 0.06009615384615385 0.10336538461538461