0 0.8653846153846154 0.2704326923076923 0.10096153846153846 0.14182692307692307
0 0.2824519230769231 0.40865384615384615 0.0889423076923077 0.14423076923076922
0 0.7860576923076923 0.33533653846153844 0.07932692307692307 0.12259615384615384
0 0.16466346153846154 0.4699519230769231 0.07692307692307693 0.10576923076923077
0 0.6790865384615384 0.35216346153846156 0.07211538461538461 0.10096153846153846
0 0.08413461538461539 0.5048076923076923 0.07211538461538461 0.11538461538461539
0 0.5961538461538461 0.38221153846153844 0.06009615384615385 0.09375
0 0.39903846153846156 0.390625 0.05048076923076923 0.09134615384615384
0 0.7367788461538461 0.3641826923076923 0.057692307692307696 0.10576923076923077
0 0.4266826923076923 0.39783653846153844 0.038461538461538464 0.08653846153846154
0 0.1141826923076923 0.4375 0.06009615384615385 0.09134615384615384
0 0.03125 0.5084134615384616 0.0625 0.11778846153846154