0 0.057692307692307696 0.38822115384615385 0.0985576923076923 0.14423076923076922
0 0.6754807692307693 0.359375 0.0889423076923077 0.1466346153846154
0 0.15625 0.43028846153846156 0.07932692307692307 0.125
0 0.8100961538461539 0.3870192307692308 0.07692307692307693 0.10817307692307693
0 0.265625 0.4170673076923077 0.07211538461538461 0.10336538461538461
0 0.8990384615384616 0.39903846153846156 0.06971153846153846 0.11778846153846154
0 0.3557692307692308 0.4230769230769231 0.057692307692307696 0.09615384615384616
0 0.5552884615384616 0.375 0.04807692307692308 0.09375
0 0.2127403846153846 0.44471153846153844 0.057692307692307696 0.10817307692307693
0 0.5288461538461539 0.3894230769230769 0.038461538461538464 0.0889423076923077
0 0.8497596153846154 0.3401442307692308 0.057692307692307696 0.09134615384615384
0 0.9567307692307693 0.3858173076923077 0.07451923076923077 0.1201923076923077