0 0.06971153846153846 0.515625 0.08653846153846154 0.11778846153846154
0 0.5480769230769231 0.3629807692307692 0.07211538461538461 0.10817307692307693
0 0.20793269230769232 0.41466346153846156 0.07211538461538461 0.11298076923076923
0 0.8497596153846154 0.31971153846153844 0.07211538461538461 0.10096153846153846
0 0.14302884615384615 0.46634615384615385 0.0625 0.09615384615384616
0 0.3137019230769231 0.4254807692307692 0.04807692307692308 0.07692307692307693
0 0.4254807692307692 0.41947115384615385 0.07451923076923077 0.10096153846153846
0 0.2620192307692308 0.44591346153846156 0.06009615384615385 0.08173076923076923
0 0.6826923076923077 0.35336538461538464 0.06490384615384616 0.09615384615384616
0 0.6418269230769231 0.328125 0.05048076923076923 0.07451923076923077
0 0.9206730769230769 0.3076923076923077 0.04807692307692308 0.08173076923076923