0 0.9387019230769231 0.3894230769230769 0.11778846153846154 0.24519230769230768
0 0.3629807692307692 0.27403846153846156 0.055288461538461536 0.11538461538461539
0 0.7980769230769231 0.24759615384615385 0.055288461538461536 0.12980769230769232
0 0.3233173076923077 0.25961538461538464 0.04326923076923077 0.08173076923076923
0 0.9230769230769231 0.2860576923076923 0.08173076923076923 0.16826923076923078
0 0.8305288461538461 0.27163461538461536 0.057692307692307696 0.13221153846153846
0 0.042067307692307696 0.4362980769230769 0.08413461538461539 0.19471153846153846
0 0.6610576923076923 0.21033653846153846 0.03365384615384615 0.08413461538461539
0 0.5564903846153846 0.22115384615384615 0.040865384615384616 0.09615384615384616
0 0.4807692307692308 0.234375 0.038461538461538464 0.0985576923076923
0 0.18990384615384615 0.3389423076923077 0.07451923076923077 0.17067307692307693