1 0.6358173076923077 0.41346153846153844 0.09375 0.14423076923076922
1 0.09975961538461539 0.3605769230769231 0.15625 0.21875
1 0.734375 0.4387019230769231 0.1201923076923077 0.19230769230769232
1 0.9423076923076923 0.41947115384615385 0.11538461538461539 0.19471153846153846
1 0.03485576923076923 0.3088942307692308 0.055288461538461536 0.20673076923076922
1 0.22596153846153846 0.3870192307692308 0.0889423076923077 0.12740384615384615
1 0.3485576923076923 0.44350961538461536 0.07451923076923077 0.0985576923076923
1 0.5637019230769231 0.390625 0.08653846153846154 0.16105769230769232
1 0.41947115384615385 0.5108173076923077 0.09134615384615384 0.14182692307692307
1 0.5084134615384616 0.44591346153846156 0.0625 0.11538461538461539
1 0.42427884615384615 0.35336538461538464 0.0625 0.11298076923076923