1 0.41586538461538464 0.2776442307692308 0.12740384615384615 0.24278846153846154
1 0.15625 0.3425480769230769 0.07932692307692307 0.15625
1 0.8545673076923077 0.39302884615384615 0.09375 0.18269230769230768
1 0.9098557692307693 0.390625 0.06009615384615385 0.12259615384615384
1 0.23677884615384615 0.31009615384615385 0.0625 0.12980769230769232
1 0.6081730769230769 0.421875 0.1201923076923077 0.29086538461538464
1 0.055288461538461536 0.2824519230769231 0.0673076923076923 0.1971153846153846
1 0.5576923076923077 0.328125 0.038461538461538464 0.09134615384615384
1 0.28725961538461536 0.3545673076923077 0.05048076923076923 0.08413461538461539
1 0.3173076923076923 0.3233173076923077 0.03125 0.057692307692307696
0 0.5048076923076923 0.3137019230769231 0.040865384615384616 0.08413461538461539