1 0.05889423076923077 0.28966346153846156 0.06490384615384616 0.1201923076923077
1 0.18389423076923078 0.40384615384615385 0.07932692307692307 0.12259615384615384
1 0.8713942307692307 0.5012019230769231 0.07451923076923077 0.09134615384615384
1 0.2439903846153846 0.030048076923076924 0.055288461538461536 0.06009615384615385
1 0.24639423076923078 0.25240384615384615 0.06009615384615385 0.0985576923076923
1 0.8798076923076923 0.2824519230769231 0.06009615384615385 0.0889423076923077
1 0.9867788461538461 0.27524038461538464 0.026442307692307692 0.09375
1 0.296875 0.028846153846153848 0.05048076923076923 0.057692307692307696
1 0.4519230769230769 0.1045673076923077 0.06490384615384616 0.0889423076923077
0 0.6766826923076923 0.34975961538461536 0.06009615384615385 0.0889423076923077
0 0.8137019230769231 0.7223557692307693 0.07211538461538461 0.07932692307692307
0 0.7680288461538461 0.15625 0.0625 0.08173076923076923