1 0.8389423076923077 0.36538461538461536 0.15384615384615385 0.20673076923076922
1 0.8269230769230769 0.5901442307692307 0.17548076923076922 0.23798076923076922
1 0.7055288461538461 0.828125 0.21394230769230768 0.30288461538461536
1 0.5372596153846154 0.578125 0.16826923076923078 0.2692307692307692
1 0.4423076923076923 0.3449519230769231 0.0985576923076923 0.13942307692307693
1 0.44591346153846156 0.4651442307692308 0.1466346153846154 0.16826923076923078
1 0.3389423076923077 0.5612980769230769 0.11298076923076923 0.17548076923076922
1 0.32572115384615385 0.31490384615384615 0.07692307692307693 0.12259615384615384
1 0.28365384615384615 0.3545673076923077 0.07692307692307693 0.12259615384615384
1 0.27163461538461536 0.453125 0.10336538461538461 0.13701923076923078
1 0.12860576923076922 0.5612980769230769 0.19230769230769232 0.27884615384615385
1 0.17548076923076922 0.4639423076923077 0.10817307692307693 0.16346153846153846
1 0.10817307692307693 0.36177884615384615 0.0985576923076923 0.1466346153846154