0 0.8786057692307693 0.6730769230769231 0.040865384615384616 0.07211538461538461
0 0.8341346153846154 0.6947115384615384 0.057692307692307696 0.09375
0 0.7391826923076923 0.6766826923076923 0.055288461538461536 0.07692307692307693
0 0.6454326923076923 0.6754807692307693 0.04567307692307692 0.057692307692307696
0 0.5805288461538461 0.6959134615384616 0.04567307692307692 0.07692307692307693
0 0.47716346153846156 0.7043269230769231 0.057692307692307696 0.08173076923076923
0 0.44711538461538464 0.6706730769230769 0.036057692307692304 0.06009615384615385
0 0.4206730769230769 0.6610576923076923 0.04567307692307692 0.07932692307692307
0 0.36658653846153844 0.6838942307692307 0.040865384615384616 0.055288461538461536
0 0.3329326923076923 0.6947115384615384 0.055288461538461536 0.08653846153846154
0 0.27163461538461536 0.6959134615384616 0.04807692307692308 0.07451923076923077
0 0.1778846153846154 0.6658653846153846 0.055288461538461536 0.08653846153846154
0 0.09254807692307693 0.6694711538461539 0.052884615384615384 0.08173076923076923
0 0.021634615384615384 0.6911057692307693 0.04326923076923077 0.06971153846153846