1 0.10576923076923077 0.48677884615384615 0.16826923076923078 0.22115384615384615
1 0.19110576923076922 0.7079326923076923 0.19230769230769232 0.2548076923076923
1 0.3870192307692308 0.8713942307692307 0.23076923076923078 0.25721153846153844
1 0.47716346153846156 0.6033653846153846 0.18509615384615385 0.2860576923076923
1 0.49759615384615385 0.3389423076923077 0.10817307692307693 0.14903846153846154
1 0.5324519230769231 0.46033653846153844 0.15865384615384615 0.18028846153846154
1 0.6694711538461539 0.5216346153846154 0.125 0.18509615384615385
1 0.6021634615384616 0.2692307692307692 0.08413461538461539 0.12980769230769232
1 0.6574519230769231 0.2956730769230769 0.08653846153846154 0.12980769230769232
1 0.703125 0.3894230769230769 0.11298076923076923 0.1466346153846154
1 0.8798076923076923 0.453125 0.21153846153846154 0.2980769230769231
1 0.8016826923076923 0.3713942307692308 0.11778846153846154 0.17548076923076922
1 0.8365384615384616 0.24639423076923078 0.10576923076923077 0.15625