1 0.12139423076923077 0.44471153846153844 0.1466346153846154 0.20432692307692307
1 0.18509615384615385 0.6646634615384616 0.16826923076923078 0.23557692307692307
1 0.36177884615384615 0.8605769230769231 0.20432692307692307 0.27884615384615385
1 0.4699519230769231 0.5877403846153846 0.15865384615384615 0.2692307692307692
1 0.5120192307692307 0.33533653846153844 0.09375 0.13942307692307693
1 0.5360576923076923 0.4543269230769231 0.14182692307692307 0.16346153846153846
1 0.6634615384615384 0.5252403846153846 0.10817307692307693 0.17548076923076922
1 0.6201923076923077 0.2764423076923077 0.07211538461538461 0.12259615384615384
1 0.671875 0.30649038461538464 0.07451923076923077 0.12259615384615384
1 0.7067307692307693 0.4014423076923077 0.10096153846153846 0.13701923076923078
1 0.8737980769230769 0.47716346153846156 0.18509615384615385 0.2764423076923077
1 0.8040865384615384 0.3918269230769231 0.10336538461538461 0.16346153846153846
1 0.8485576923076923 0.27403846153846156 0.09134615384615384 0.14423076923076922