1 0.18028846153846154 0.4699519230769231 0.0673076923076923 0.09615384615384616
1 0.3125 0.4795673076923077 0.06009615384615385 0.0985576923076923
1 0.22956730769230768 0.4579326923076923 0.055288461538461536 0.0889423076923077
1 0.5216346153846154 0.453125 0.04807692307692308 0.08413461538461539
1 0.40865384615384615 0.4423076923076923 0.055288461538461536 0.09134615384615384
0 0.05889423076923077 0.5096153846153846 0.03365384615384615 0.055288461538461536
0 0.12259615384615384 0.49038461538461536 0.026442307692307692 0.04326923076923077
1 0.6478365384615384 0.4567307692307692 0.04326923076923077 0.09134615384615384
1 0.6911057692307693 0.44471153846153844 0.05048076923076923 0.07692307692307693
0 0.9519230769230769 0.46274038461538464 0.04567307692307692 0.08413461538461539
0 0.7379807692307693 0.4735576923076923 0.036057692307692304 0.057692307692307696