1 0.026442307692307692 0.40384615384615385 0.052884615384615384 0.12980769230769232
1 0.18389423076923078 0.48197115384615385 0.08173076923076923 0.13221153846153846
1 0.9170673076923077 0.36778846153846156 0.07692307692307693 0.09615384615384616
1 0.12379807692307693 0.07692307692307693 0.052884615384615384 0.0625
1 0.19831730769230768 0.3076923076923077 0.06490384615384616 0.10576923076923077
1 0.8569711538461539 0.13822115384615385 0.0625 0.09375
1 0.18028846153846154 0.06370192307692307 0.05048076923076923 0.052884615384615384
1 0.3629807692307692 0.0889423076923077 0.0673076923076923 0.09375
0 0.6706730769230769 0.2704326923076923 0.0625 0.09375
0 0.9290865384615384 0.6141826923076923 0.07692307692307693 0.08653846153846154
0 0.7043269230769231 0.04447115384615385 0.0673076923076923 0.0889423076923077