1 0.1875 0.4807692307692308 0.06971153846153846 0.0985576923076923
1 0.32572115384615385 0.4963942307692308 0.0625 0.10336538461538461
1 0.2403846153846154 0.47115384615384615 0.057692307692307696 0.09375
1 0.5456730769230769 0.47716346153846156 0.05048076923076923 0.0889423076923077
1 0.42788461538461536 0.46153846153846156 0.057692307692307696 0.09615384615384616
0 0.06129807692307692 0.5216346153846154 0.03365384615384615 0.057692307692307696
0 0.12740384615384615 0.5024038461538461 0.028846153846153848 0.04567307692307692
1 0.6766826923076923 0.48677884615384615 0.04567307692307692 0.09615384615384616
1 0.7211538461538461 0.47475961538461536 0.052884615384615384 0.07932692307692307
0 0.9831730769230769 0.5036057692307693 0.03365384615384615 0.0889423076923077
0 0.7692307692307693 0.5060096153846154 0.036057692307692304 0.06009615384615385