1 0.9423076923076923 0.3076923076923077 0.06009615384615385 0.11778846153846154
1 0.8137019230769231 0.41586538461538464 0.07451923076923077 0.1201923076923077
1 0.1346153846153846 0.4879807692307692 0.06971153846153846 0.08653846153846154
1 0.7668269230769231 0.036057692307692304 0.052884615384615384 0.07211538461538461
1 0.7596153846153846 0.2644230769230769 0.057692307692307696 0.09615384615384616
1 0.13341346153846154 0.27163461538461536 0.055288461538461536 0.08653846153846154
1 0.018028846153846152 0.26322115384615385 0.036057692307692304 0.09375
1 0.7163461538461539 0.03365384615384615 0.04807692307692308 0.0673076923076923
1 0.5612980769230769 0.11057692307692307 0.06009615384615385 0.08653846153846154
0 0.33052884615384615 0.3449519230769231 0.055288461538461536 0.08653846153846154
0 0.18269230769230768 0.7091346153846154 0.06971153846153846 0.07692307692307693
0 0.24639423076923078 0.15264423076923078 0.06009615384615385 0.08173076923076923