0 0.9831730769230769 0.6466346153846154 0.03365384615384615 0.07692307692307693
0 0.12980769230769232 0.6358173076923077 0.038461538461538464 0.0673076923076923
0 0.17067307692307693 0.6574519230769231 0.052884615384615384 0.08653846153846154
0 0.25961538461538464 0.6418269230769231 0.04807692307692308 0.06971153846153846
0 0.3449519230769231 0.6442307692307693 0.040865384615384616 0.052884615384615384
0 0.4050480769230769 0.6622596153846154 0.040865384615384616 0.06971153846153846
0 0.5024038461538461 0.671875 0.052884615384615384 0.07451923076923077
0 0.5300480769230769 0.640625 0.03365384615384615 0.055288461538461536
0 0.5564903846153846 0.6322115384615384 0.040865384615384616 0.07451923076923077
0 0.6045673076923077 0.6550480769230769 0.036057692307692304 0.052884615384615384
0 0.6370192307692307 0.6670673076923077 0.052884615384615384 0.08173076923076923
0 0.6935096153846154 0.6682692307692307 0.04567307692307692 0.0673076923076923
0 0.78125 0.640625 0.052884615384615384 0.08173076923076923
0 0.8605769230769231 0.6466346153846154 0.04807692307692308 0.07451923076923077
0 0.9278846153846154 0.6658653846153846 0.04807692307692308 0.06490384615384616