0 0.010817307692307692 0.6670673076923077 0.021634615384615384 0.07451923076923077
0 0.8569711538461539 0.6117788461538461 0.03365384615384615 0.06490384615384616
0 0.8173076923076923 0.6346153846153846 0.04807692307692308 0.08413461538461539
0 0.7283653846153846 0.625 0.04567307692307692 0.06971153846153846
0 0.6430288461538461 0.6310096153846154 0.038461538461538464 0.05048076923076923
0 0.5841346153846154 0.6538461538461539 0.036057692307692304 0.0673076923076923
0 0.4891826923076923 0.6670673076923077 0.05048076923076923 0.07211538461538461
0 0.4579326923076923 0.6382211538461539 0.03125 0.052884615384615384
0 0.4326923076923077 0.6310096153846154 0.038461538461538464 0.07211538461538461
0 0.3858173076923077 0.65625 0.03365384615384615 0.05048076923076923
0 0.3545673076923077 0.6682692307692307 0.04807692307692308 0.07932692307692307
0 0.2980769230769231 0.671875 0.040865384615384616 0.0673076923076923
0 0.2091346153846154 0.6514423076923077 0.04807692307692308 0.07932692307692307
0 0.1310096153846154 0.6598557692307693 0.04326923076923077 0.07211538461538461
0 0.06370192307692307 0.6838942307692307 0.04567307692307692 0.0625