1 0.3629807692307692 0.10336538461538461 0.09134615384615384 0.17307692307692307
1 0.19110576923076922 0.17307692307692307 0.20192307692307693 0.3004807692307692
1 0.4795673076923077 0.13221153846153846 0.1201923076923077 0.19230769230769232
1 0.04326923076923077 0.18389423076923078 0.08653846153846154 0.28125
1 0.8112980769230769 0.1346153846153846 0.07692307692307693 0.12980769230769232
1 0.5673076923076923 0.23798076923076922 0.16346153846153846 0.2644230769230769
1 0.4170673076923077 0.15625 0.06009615384615385 0.11057692307692307
1 0.08533653846153846 0.15865384615384615 0.07692307692307693 0.15865384615384615
1 0.7451923076923077 0.15985576923076922 0.05048076923076923 0.0985576923076923
1 0.6754807692307693 0.1658653846153846 0.04807692307692308 0.08653846153846154
1 0.6298076923076923 0.1622596153846154 0.052884615384615384 0.09615384615384616
1 0.7740384615384616 0.12379807692307693 0.055288461538461536 0.09134615384615384