1 0.13221153846153846 0.7019230769230769 0.07451923076923077 0.10576923076923077
1 0.4807692307692308 0.6141826923076923 0.057692307692307696 0.09134615384615384
1 0.9603365384615384 0.24879807692307693 0.03365384615384615 0.05048076923076923
1 0.8882211538461539 0.33533653846153844 0.03365384615384615 0.052884615384615384
1 0.8257211538461539 0.3954326923076923 0.03125 0.04567307692307692
1 0.7307692307692307 0.4338942307692308 0.036057692307692304 0.05048076923076923
1 0.3954326923076923 0.484375 0.03125 0.06009615384615385
1 0.09975961538461539 0.24158653846153846 0.036057692307692304 0.057692307692307696
1 0.23197115384615385 0.3449519230769231 0.03125 0.06009615384615385
1 0.3112980769230769 0.3942307692307692 0.026442307692307692 0.06009615384615385
1 0.29086538461538464 0.4411057692307692 0.03365384615384615 0.052884615384615384