1 0.5985576923076923 0.0733173076923077 0.08173076923076923 0.14182692307692307
1 0.7716346153846154 0.13701923076923078 0.18269230769230768 0.25721153846153844
1 0.4879807692307692 0.09615384615384616 0.10817307692307693 0.18509615384615385
1 0.9411057692307693 0.140625 0.11778846153846154 0.24278846153846154
1 0.16105769230769232 0.11658653846153846 0.06971153846153846 0.125
1 0.4074519230769231 0.20432692307692307 0.1466346153846154 0.2548076923076923
1 0.5504807692307693 0.11658653846153846 0.052884615384615384 0.10817307692307693
1 0.8762019230769231 0.10216346153846154 0.0673076923076923 0.15384615384615385
1 0.22716346153846154 0.13822115384615385 0.04567307692307692 0.09615384615384616
1 0.296875 0.13942307692307693 0.040865384615384616 0.08413461538461539
1 0.34134615384615385 0.13341346153846154 0.04807692307692308 0.09134615384615384
1 0.1971153846153846 0.10336538461538461 0.05048076923076923 0.08653846153846154