0 0.36899038461538464 0.40024038461538464 0.057692307692307696 0.10817307692307693
0 0.30528846153846156 0.4110576923076923 0.06971153846153846 0.125
0 0.828125 0.3918269230769231 0.055288461538461536 0.1201923076923077
0 0.7788461538461539 0.3942307692307692 0.05048076923076923 0.10336538461538461
0 0.46033653846153844 0.40384615384615385 0.055288461538461536 0.10336538461538461
0 0.6081730769230769 0.421875 0.055288461538461536 0.0985576923076923
0 0.9699519230769231 0.44591346153846156 0.055288461538461536 0.09134615384615384
0 0.9579326923076923 0.3942307692307692 0.04326923076923077 0.07451923076923077
0 0.6766826923076923 0.40384615384615385 0.04326923076923077 0.07692307692307693
0 0.7043269230769231 0.39783653846153844 0.03125 0.08173076923076923
0 0.5480769230769231 0.4182692307692308 0.040865384615384616 0.08173076923076923