1 0.3329326923076923 0.375 0.08413461538461539 0.15625
1 0.46875 0.3389423076923077 0.08173076923076923 0.1346153846153846
1 0.9326923076923077 0.24158653846153846 0.08413461538461539 0.14903846153846154
1 0.6129807692307693 0.296875 0.07932692307692307 0.13221153846153846
1 0.8052884615384616 0.3112980769230769 0.07932692307692307 0.1346153846153846
1 0.6983173076923077 0.27524038461538464 0.06971153846153846 0.1201923076923077
1 0.8798076923076923 0.2920673076923077 0.0673076923076923 0.10576923076923077
0 0.14302884615384615 0.43990384615384615 0.0625 0.10336538461538461
1 0.7415865384615384 0.3173076923076923 0.055288461538461536 0.09375
0 0.5480769230769231 0.3269230769230769 0.0625 0.11298076923076923
0 0.4206730769230769 0.3942307692307692 0.040865384615384616 0.07451923076923077
0 0.23197115384615385 0.44711538461538464 0.036057692307692304 0.0625
0 0.18629807692307693 0.45072115384615385 0.04326923076923077 0.06490384615384616
0 0.0829326923076923 0.44591346153846156 0.06009615384615385 0.0889423076923077
0 0.390625 0.40625 0.03365384615384615 0.06009615384615385
0 0.046875 0.4543269230769231 0.038461538461538464 0.06490384615384616
0 0.014423076923076924 0.46153846153846156 0.028846153846153848 0.0673076923076923