0 0.8317307692307693 0.23557692307692307 0.2091346153846154 0.30288461538461536
0 0.15745192307692307 0.2956730769230769 0.1778846153846154 0.2692307692307692
0 0.32091346153846156 0.33413461538461536 0.10817307692307693 0.18028846153846154
0 0.5865384615384616 0.3605769230769231 0.13701923076923078 0.21634615384615385
0 0.4543269230769231 0.3425480769230769 0.0889423076923077 0.13701923076923078
0 0.7199519230769231 0.34615384615384615 0.057692307692307696 0.08413461538461539
0 0.6634615384615384 0.33653846153846156 0.057692307692307696 0.09375
0 0.30649038461538464 0.057692307692307696 0.04326923076923077 0.057692307692307696
0 0.2512019230769231 0.0733173076923077 0.04326923076923077 0.06971153846153846
0 0.1935096153846154 0.09014423076923077 0.036057692307692304 0.06490384615384616
0 0.6622596153846154 0.15625 0.038461538461538464 0.057692307692307696
0 0.5949519230769231 0.025240384615384616 0.036057692307692304 0.05048076923076923
0 0.5661057692307693 0.025240384615384616 0.03125 0.04567307692307692
0 0.5048076923076923 0.019230769230769232 0.03365384615384615 0.038461538461538464
0 0.5288461538461539 0.028846153846153848 0.028846153846153848 0.055288461538461536
0 0.5456730769230769 0.040865384615384616 0.028846153846153848 0.052884615384615384