0 0.056490384615384616 0.5084134615384616 0.10817307692307693 0.17067307692307693
0 0.36899038461538464 0.46875 0.08173076923076923 0.14182692307692307
0 0.8389423076923077 0.4170673076923077 0.07932692307692307 0.125
0 0.21634615384615385 0.5252403846153846 0.14423076923076922 0.25721153846153844
0 0.7439903846153846 0.45913461538461536 0.12259615384615384 0.19230769230769232
0 0.6081730769230769 0.4170673076923077 0.06009615384615385 0.09134615384615384
0 0.49158653846153844 0.32091346153846156 0.055288461538461536 0.08413461538461539
0 0.49759615384615385 0.4254807692307692 0.07211538461538461 0.10576923076923077
0 0.6526442307692307 0.37259615384615385 0.05048076923076923 0.07932692307692307
0 0.9038461538461539 0.38341346153846156 0.0673076923076923 0.10336538461538461
0 0.9387019230769231 0.36177884615384615 0.057692307692307696 0.08413461538461539