0 0.0625 0.4567307692307692 0.10336538461538461 0.17548076923076922
0 0.39903846153846156 0.46274038461538464 0.07932692307692307 0.14903846153846154
0 0.90625 0.47716346153846156 0.07692307692307693 0.12980769230769232
0 0.23076923076923078 0.4987980769230769 0.13701923076923078 0.2668269230769231
0 0.7980769230769231 0.5072115384615384 0.11778846153846154 0.19951923076923078
0 0.6610576923076923 0.4423076923076923 0.057692307692307696 0.09615384615384616
0 0.5528846153846154 0.32211538461538464 0.052884615384615384 0.08653846153846154
0 0.5432692307692307 0.43509615384615385 0.06971153846153846 0.10817307692307693
0 0.7151442307692307 0.4014423076923077 0.04807692307692308 0.08413461538461539
0 0.9723557692307693 0.4519230769230769 0.055288461538461536 0.10576923076923077
0 0.9939903846153846 0.43149038461538464 0.01201923076923077 0.08413461538461539