1 0.49038461538461536 0.2403846153846154 0.07932692307692307 0.15865384615384615
1 0.3449519230769231 0.23557692307692307 0.07692307692307693 0.14903846153846154
1 0.037259615384615384 0.24158653846153846 0.0625 0.15384615384615385
1 0.7019230769230769 0.25600961538461536 0.07932692307692307 0.14903846153846154
1 0.1875 0.2860576923076923 0.06971153846153846 0.11778846153846154
1 0.5408653846153846 0.28966346153846156 0.06009615384615385 0.10817307692307693
1 0.90625 0.32211538461538464 0.04567307692307692 0.11538461538461539
1 0.09615384615384616 0.2980769230769231 0.057692307692307696 0.09134615384615384
1 0.4206730769230769 0.3173076923076923 0.06009615384615385 0.11057692307692307
1 0.7848557692307693 0.32572115384615385 0.06009615384615385 0.11057692307692307
1 0.8617788461538461 0.35336538461538464 0.04807692307692308 0.0889423076923077
1 0.9350961538461539 0.3389423076923077 0.036057692307692304 0.11057692307692307
1 0.2860576923076923 0.28365384615384615 0.055288461538461536 0.1346153846153846
1 0.14783653846153846 0.3088942307692308 0.04567307692307692 0.10817307692307693