0 0.09975961538461539 0.2932692307692308 0.19951923076923078 0.2980769230769231
0 0.7524038461538461 0.15504807692307693 0.17307692307692307 0.2668269230769231
0 0.6105769230769231 0.23798076923076922 0.10336538461538461 0.1778846153846154
0 0.36658653846153844 0.34134615384615385 0.13221153846153846 0.21394230769230768
0 0.4855769230769231 0.28725961538461536 0.0889423076923077 0.1346153846153846
0 0.23557692307692307 0.36658653846153844 0.055288461538461536 0.08413461538461539
0 0.28725961538461536 0.34134615384615385 0.055288461538461536 0.09375
0 0.23557692307692307 0.16947115384615385 0.036057692307692304 0.055288461538461536
0 0.2608173076923077 0.038461538461538464 0.028846153846153848 0.021634615384615384
0 0.29086538461538464 0.030048076923076924 0.026442307692307692 0.014423076923076924
0 0.328125 0.027644230769230768 0.02403846153846154 0.019230769230769232
0 0.3137019230769231 0.036057692307692304 0.026442307692307692 0.03125