0 0.6225961538461539 0.38341346153846156 0.06490384615384616 0.11057692307692307
0 0.6887019230769231 0.38822115384615385 0.07692307692307693 0.12980769230769232
0 0.16466346153846154 0.41466346153846156 0.06009615384615385 0.12259615384615384
0 0.21394230769230768 0.41225961538461536 0.055288461538461536 0.10576923076923077
0 0.5336538461538461 0.3942307692307692 0.06009615384615385 0.10576923076923077
0 0.3870192307692308 0.4254807692307692 0.06009615384615385 0.10096153846153846
0 0.028846153846153848 0.4795673076923077 0.057692307692307696 0.09375
0 0.036057692307692304 0.42908653846153844 0.04567307692307692 0.07692307692307693
0 0.3173076923076923 0.41346153846153844 0.04567307692307692 0.07932692307692307
0 0.28966346153846156 0.40865384615384615 0.036057692307692304 0.08413461538461539
0 0.44591346153846156 0.4170673076923077 0.04326923076923077 0.08413461538461539