1 0.46274038461538464 0.28966346153846156 0.07932692307692307 0.14903846153846154
1 0.5973557692307693 0.28125 0.07692307692307693 0.14182692307692307
1 0.9002403846153846 0.27524038461538464 0.09134615384615384 0.14903846153846154
1 0.26322115384615385 0.31009615384615385 0.07932692307692307 0.14182692307692307
1 0.7463942307692307 0.32211538461538464 0.06971153846153846 0.11298076923076923
1 0.41466346153846156 0.33774038461538464 0.057692307692307696 0.10336538461538461
1 0.07451923076923077 0.3798076923076923 0.04807692307692308 0.10817307692307693
1 0.8329326923076923 0.3317307692307692 0.057692307692307696 0.08653846153846154
1 0.5288461538461539 0.359375 0.057692307692307696 0.10576923076923077
1 0.1875 0.3798076923076923 0.057692307692307696 0.10576923076923077
1 0.11658653846153846 0.40865384615384615 0.04567307692307692 0.08413461538461539
1 0.046875 0.39663461538461536 0.036057692307692304 0.10336538461538461
1 0.6538461538461539 0.3245192307692308 0.057692307692307696 0.12740384615384615
1 0.7836538461538461 0.3425480769230769 0.04567307692307692 0.10336538461538461