1 0.2764423076923077 0.3786057692307692 0.08653846153846154 0.16346153846153846
1 0.41586538461538464 0.3401442307692308 0.08653846153846154 0.14182692307692307
1 0.9026442307692307 0.23798076923076922 0.09615384615384616 0.15865384615384615
1 0.5673076923076923 0.2956730769230769 0.08413461538461539 0.13701923076923078
1 0.7668269230769231 0.3112980769230769 0.08413461538461539 0.14182692307692307
1 0.6550480769230769 0.27283653846153844 0.07211538461538461 0.125
1 0.84375 0.2920673076923077 0.06971153846153846 0.11057692307692307
0 0.07932692307692307 0.44471153846153844 0.0625 0.10576923076923077
1 0.9663461538461539 0.2800480769230769 0.02403846153846154 0.10336538461538461
1 0.7007211538461539 0.3161057692307692 0.055288461538461536 0.0985576923076923
0 0.5 0.3269230769230769 0.06490384615384616 0.11778846153846154
0 0.36658653846153844 0.39663461538461536 0.04326923076923077 0.07932692307692307
0 0.17067307692307693 0.4519230769230769 0.038461538461538464 0.0673076923076923
0 0.12259615384615384 0.4567307692307692 0.04326923076923077 0.0673076923076923
0 0.02283653846153846 0.4519230769230769 0.04567307692307692 0.09134615384615384
0 0.33533653846153844 0.40865384615384615 0.036057692307692304 0.0625