0 0.10817307692307693 0.3016826923076923 0.19951923076923078 0.2932692307692308
0 0.7512019230769231 0.16346153846153846 0.17067307692307693 0.2620192307692308
0 0.6117788461538461 0.24639423076923078 0.10096153846153846 0.17548076923076922
0 0.3713942307692308 0.3485576923076923 0.12980769230769232 0.2091346153846154
0 0.4891826923076923 0.29447115384615385 0.08653846153846154 0.13221153846153846
0 0.24278846153846154 0.37259615384615385 0.055288461538461536 0.08173076923076923
0 0.2932692307692308 0.3473557692307692 0.055288461538461536 0.09134615384615384
0 0.5444711538461539 0.006009615384615385 0.036057692307692304 0.01201923076923077
0 0.6021634615384616 0.008413461538461538 0.036057692307692304 0.016826923076923076
0 0.6598557692307693 0.007211538461538462 0.03125 0.014423076923076924
0 0.24278846153846154 0.17908653846153846 0.036057692307692304 0.052884615384615384
0 0.265625 0.04326923076923077 0.028846153846153848 0.03365384615384615
0 0.296875 0.037259615384615384 0.026442307692307692 0.028846153846153848
0 0.34975961538461536 0.020432692307692308 0.026442307692307692 0.01201923076923077
0 0.3329326923076923 0.03365384615384615 0.02403846153846154 0.03125
0 0.31850961538461536 0.040865384615384616 0.026442307692307692 0.04326923076923077