1 0.3389423076923077 0.09134615384615384 0.09134615384615384 0.15144230769230768
1 0.17668269230769232 0.171875 0.20432692307692307 0.27403846153846156
1 0.4495192307692308 0.10576923076923077 0.12259615384615384 0.1875
1 0.040865384615384616 0.19110576923076922 0.08173076923076923 0.25240384615384615
1 0.7692307692307693 0.09254807692307693 0.07932692307692307 0.12740384615384615
1 0.5384615384615384 0.203125 0.16826923076923078 0.25961538461538464
1 0.390625 0.1310096153846154 0.0625 0.11057692307692307
1 0.07211538461538461 0.15144230769230768 0.07932692307692307 0.15384615384615385
1 0.7067307692307693 0.11899038461538461 0.052884615384615384 0.09615384615384616
1 0.6394230769230769 0.12860576923076922 0.04807692307692308 0.08413461538461539
1 0.5961538461538461 0.12740384615384615 0.055288461538461536 0.09375
1 0.7319711538461539 0.08413461538461539 0.057692307692307696 0.0889423076923077