1 0.3449519230769231 0.35336538461538464 0.06490384615384616 0.14182692307692307
1 0.47716346153846156 0.3449519230769231 0.06490384615384616 0.12259615384615384
1 0.9302884615384616 0.33653846153846156 0.06971153846153846 0.13701923076923078
1 0.6201923076923077 0.33052884615384615 0.0625 0.1201923076923077
1 0.7956730769230769 0.3798076923076923 0.0625 0.12259615384615384
1 0.703125 0.32572115384615385 0.055288461538461536 0.10817307692307693
1 0.8689903846153846 0.3762019230769231 0.052884615384615384 0.09615384615384616
0 0.15625 0.3786057692307692 0.04807692307692308 0.09134615384615384
1 0.9867788461538461 0.3858173076923077 0.026442307692307692 0.09375
1 0.7355769230769231 0.37259615384615385 0.040865384615384616 0.08653846153846154
0 0.5528846153846154 0.3473557692307692 0.04807692307692308 0.10336538461538461
0 0.4230769230769231 0.3870192307692308 0.028846153846153848 0.0673076923076923
0 0.23798076923076922 0.4014423076923077 0.028846153846153848 0.057692307692307696
0 0.19471153846153846 0.39663461538461536 0.03365384615384615 0.057692307692307696
0 0.0985576923076923 0.37259615384615385 0.04807692307692308 0.07932692307692307
0 0.39302884615384615 0.3918269230769231 0.026442307692307692 0.055288461538461536
0 0.06370192307692307 0.375 0.028846153846153848 0.057692307692307696
0 0.028846153846153848 0.3762019230769231 0.028846153846153848 0.06009615384615385