0 0.3786057692307692 0.39783653846153844 0.06971153846153846 0.11778846153846154
0 0.3112980769230769 0.4014423076923077 0.08173076923076923 0.13701923076923078
0 0.8617788461538461 0.43990384615384615 0.06490384615384616 0.12980769230769232
0 0.8100961538461539 0.4362980769230769 0.06009615384615385 0.11298076923076923
0 0.4735576923076923 0.4110576923076923 0.06490384615384616 0.11298076923076923
0 0.6262019230769231 0.44711538461538464 0.06490384615384616 0.10576923076923077
0 0.9867788461538461 0.5084134615384616 0.026442307692307692 0.0985576923076923
0 0.9867788461538461 0.45552884615384615 0.026442307692307692 0.07932692307692307
0 0.7007211538461539 0.43509615384615385 0.05048076923076923 0.08413461538461539
0 0.7307692307692307 0.43149038461538464 0.040865384615384616 0.0889423076923077
0 0.5649038461538461 0.4362980769230769 0.04807692307692308 0.0889423076923077