1 0.125 0.6538461538461539 0.07932692307692307 0.10336538461538461
1 0.45913461538461536 0.6286057692307693 0.0625 0.0889423076923077
1 0.9555288461538461 0.3701923076923077 0.036057692307692304 0.05048076923076923
1 0.875 0.4387019230769231 0.036057692307692304 0.052884615384615384
1 0.8076923076923077 0.4855769230769231 0.03365384615384615 0.04567307692307692
1 0.7139423076923077 0.5036057692307693 0.038461538461538464 0.05048076923076923
1 0.4014423076923077 0.4963942307692308 0.036057692307692304 0.057692307692307696
1 0.17067307692307693 0.22596153846153846 0.038461538461538464 0.055288461538461536
1 0.27524038461538464 0.34134615384615385 0.036057692307692304 0.057692307692307696
1 0.33774038461538464 0.39903846153846156 0.03125 0.057692307692307696
1 0.3125 0.43990384615384615 0.036057692307692304 0.052884615384615384