1 0.43990384615384615 0.30288461538461536 0.09615384615384616 0.16346153846153846
1 0.5805288461538461 0.28125 0.09375 0.15384615384615385
1 0.8966346153846154 0.24879807692307693 0.10817307692307693 0.16105769230769232
1 0.23317307692307693 0.34375 0.09615384615384616 0.15384615384615385
1 0.7403846153846154 0.3112980769230769 0.08173076923076923 0.12259615384615384
1 0.3942307692307692 0.35697115384615385 0.06971153846153846 0.11057692307692307
1 0.042067307692307696 0.4338942307692308 0.057692307692307696 0.11538461538461539
1 0.8329326923076923 0.3137019230769231 0.0673076923076923 0.09615384615384616
1 0.515625 0.3701923076923077 0.06971153846153846 0.11538461538461539
1 0.16105769230769232 0.4230769230769231 0.06971153846153846 0.11538461538461539
1 0.08774038461538461 0.45913461538461536 0.055288461538461536 0.09134615384615384
1 0.019230769230769232 0.4519230769230769 0.038461538461538464 0.11057692307692307
1 0.6442307692307693 0.32091346153846156 0.06971153846153846 0.13701923076923078
1 0.7824519230769231 0.33052884615384615 0.057692307692307696 0.11057692307692307