1 0.8605769230769231 0.6730769230769231 0.07932692307692307 0.10576923076923077
1 0.5120192307692307 0.6358173076923077 0.0625 0.09134615384615384
1 0.009615384615384616 0.3473557692307692 0.019230769230769232 0.05048076923076923
1 0.08173076923076923 0.421875 0.036057692307692304 0.055288461538461536
1 0.15144230769230768 0.4723557692307692 0.03365384615384615 0.04807692307692308
1 0.24879807692307693 0.4963942307692308 0.038461538461538464 0.05048076923076923
1 0.5769230769230769 0.49759615384615385 0.03365384615384615 0.06009615384615385
1 0.8293269230769231 0.2247596153846154 0.038461538461538464 0.057692307692307696
1 0.7151442307692307 0.3425480769230769 0.03365384615384615 0.06009615384615385
1 0.6466346153846154 0.4014423076923077 0.028846153846153848 0.06009615384615385
1 0.671875 0.44350961538461536 0.036057692307692304 0.055288461538461536