0 0.9387019230769231 0.5372596153846154 0.11298076923076923 0.18028846153846154
0 0.6033653846153846 0.5012019230769231 0.08653846153846154 0.15144230769230768
0 0.09975961538461539 0.4543269230769231 0.08413461538461539 0.13221153846153846
0 0.7680288461538461 0.5576923076923077 0.14903846153846154 0.27403846153846156
0 0.203125 0.4963942307692308 0.12740384615384615 0.20432692307692307
0 0.34615384615384615 0.4495192307692308 0.0625 0.0985576923076923
0 0.46875 0.34375 0.055288461538461536 0.0889423076923077
0 0.4651442307692308 0.45552884615384615 0.07451923076923077 0.11298076923076923
0 0.2980769230769231 0.4026442307692308 0.052884615384615384 0.08653846153846154
0 0.03365384615384615 0.41947115384615385 0.0673076923076923 0.10817307692307693
0 0.014423076923076924 0.39783653846153844 0.021634615384615384 0.08413461538461539