1 0.65625 0.31850961538461536 0.06971153846153846 0.10576923076923077
0 0.06850961538461539 0.3786057692307692 0.10576923076923077 0.15865384615384615
0 0.2704326923076923 0.36899038461538464 0.07451923076923077 0.11298076923076923
0 0.39783653846153844 0.3076923076923077 0.07451923076923077 0.11298076923076923
0 0.7463942307692307 0.31490384615384615 0.06009615384615385 0.10336538461538461
0 0.859375 0.2776442307692308 0.07451923076923077 0.10336538461538461
0 0.7055288461538461 0.29927884615384615 0.055288461538461536 0.08173076923076923
0 0.6045673076923077 0.328125 0.052884615384615384 0.08413461538461539
0 0.5757211538461539 0.3449519230769231 0.04326923076923077 0.08173076923076923
0 0.546875 0.3485576923076923 0.038461538461538464 0.055288461538461536
0 0.47475961538461536 0.3269230769230769 0.0625 0.10096153846153846