1 0.6826923076923077 0.4266826923076923 0.0673076923076923 0.07932692307692307
1 0.7788461538461539 0.4254807692307692 0.0625 0.09375
0 0.7379807692307693 0.45913461538461536 0.06009615384615385 0.09134615384615384
0 0.5709134615384616 0.4495192307692308 0.05048076923076923 0.0673076923076923
0 0.4254807692307692 0.46875 0.040865384615384616 0.06490384615384616
0 0.4543269230769231 0.4326923076923077 0.04326923076923077 0.0625
0 0.49158653846153844 0.43509615384615385 0.036057692307692304 0.055288461538461536
0 0.7127403846153846 0.4519230769230769 0.038461538461538464 0.07451923076923077
1 0.40024038461538464 0.4326923076923077 0.040865384615384616 0.06971153846153846
1 0.27283653846153844 0.46033653846153844 0.05048076923076923 0.07451923076923077
1 0.1971153846153846 0.45913461538461536 0.04567307692307692 0.06971153846153846
0 0.328125 0.4735576923076923 0.052884615384615384 0.06971153846153846
0 0.22355769230769232 0.5216346153846154 0.06009615384615385 0.08173076923076923
0 0.0985576923076923 0.48677884615384615 0.038461538461538464 0.055288461538461536
0 0.021634615384615384 0.4987980769230769 0.040865384615384616 0.055288461538461536