0 0.18509615384615385 0.2704326923076923 0.08413461538461539 0.16346153846153846
0 0.08052884615384616 0.203125 0.07451923076923077 0.1201923076923077
0 0.7572115384615384 0.17067307692307693 0.07932692307692307 0.14423076923076922
0 0.24879807692307693 0.18389423076923078 0.0673076923076923 0.1466346153846154
0 0.953125 0.38461538461538464 0.09375 0.27403846153846156
0 0.9038461538461539 0.21875 0.06490384615384616 0.10817307692307693
0 0.8401442307692307 0.2608173076923077 0.08653846153846154 0.1971153846153846
0 0.04326923076923077 0.3293269230769231 0.08173076923076923 0.22115384615384615
0 0.1045673076923077 0.30528846153846156 0.07451923076923077 0.22115384615384615
0 0.5168269230769231 0.15745192307692307 0.057692307692307696 0.11298076923076923
0 0.7896634615384616 0.25600961538461536 0.05048076923076923 0.18269230769230768