1 0.5204326923076923 0.35216346153846156 0.06490384615384616 0.1201923076923077
1 0.3713942307692308 0.3473557692307692 0.0625 0.12259615384615384
1 0.25240384615384615 0.33774038461538464 0.06490384615384616 0.1201923076923077
1 0.9735576923076923 0.3737980769230769 0.052884615384615384 0.10817307692307693
1 0.7536057692307693 0.36778846153846156 0.055288461538461536 0.09615384615384616
1 0.12139423076923077 0.31490384615384615 0.0625 0.11298076923076923
1 0.6826923076923077 0.3473557692307692 0.052884615384615384 0.11538461538461539
1 0.3112980769230769 0.3581730769230769 0.038461538461538464 0.0673076923076923
0 0.5889423076923077 0.3629807692307692 0.04326923076923077 0.0673076923076923
1 0.9002403846153846 0.3629807692307692 0.026442307692307692 0.06009615384615385
1 0.8389423076923077 0.3545673076923077 0.05048076923076923 0.08653846153846154
1 0.21153846153846154 0.35096153846153844 0.03125 0.0673076923076923
1 0.04927884615384615 0.3629807692307692 0.03365384615384615 0.06009615384615385