1 0.421875 0.36778846153846156 0.06971153846153846 0.12259615384615384
1 0.27283653846153844 0.3762019230769231 0.06971153846153846 0.125
1 0.15504807692307693 0.37740384615384615 0.06971153846153846 0.12259615384615384
1 0.8762019230769231 0.35096153846153844 0.0625 0.11057692307692307
1 0.6538461538461539 0.3629807692307692 0.057692307692307696 0.0985576923076923
1 0.027644230769230768 0.36538461538461536 0.055288461538461536 0.11538461538461539
1 0.5817307692307693 0.3485576923076923 0.057692307692307696 0.11778846153846154
1 0.21394230769230768 0.3918269230769231 0.040865384615384616 0.0673076923076923
0 0.49038461538461536 0.37259615384615385 0.04567307692307692 0.0673076923076923
1 0.7992788461538461 0.3449519230769231 0.03125 0.06009615384615385
1 0.7367788461538461 0.3425480769230769 0.052884615384615384 0.0889423076923077
1 0.11538461538461539 0.39302884615384615 0.03365384615384615 0.0673076923076923