1 0.052884615384615384 0.26322115384615385 0.10576923076923077 0.18028846153846154
1 0.8353365384615384 0.15865384615384615 0.10096153846153846 0.16346153846153846
1 0.27283653846153844 0.265625 0.09615384615384616 0.15865384615384615
1 0.5841346153846154 0.21033653846153846 0.09375 0.15865384615384615
1 0.4110576923076923 0.25240384615384615 0.09134615384615384 0.16826923076923078
1 0.46274038461538464 0.23076923076923078 0.07932692307692307 0.15384615384615385
1 0.20192307692307693 0.3293269230769231 0.06490384615384616 0.0985576923076923
0 0.7211538461538461 0.19951923076923078 0.0889423076923077 0.12259615384615384
0 0.6586538461538461 0.20673076923076922 0.057692307692307696 0.09375
1 0.1466346153846154 0.328125 0.057692307692307696 0.0985576923076923
0 0.796875 0.17908653846153846 0.057692307692307696 0.09375
0 0.8798076923076923 0.18990384615384615 0.0625 0.1201923076923077
0 0.3401442307692308 0.2824519230769231 0.052884615384615384 0.0625
0 0.5108173076923077 0.24158653846153846 0.04807692307692308 0.07451923076923077