1 0.14903846153846154 0.2439903846153846 0.09134615384615384 0.16105769230769232
1 0.8810096153846154 0.22235576923076922 0.07932692307692307 0.14423076923076922
1 0.3557692307692308 0.2668269230769231 0.07451923076923077 0.14182692307692307
1 0.6466346153846154 0.24519230769230768 0.07451923076923077 0.14182692307692307
1 0.4831730769230769 0.2668269230769231 0.06971153846153846 0.15144230769230768
1 0.53125 0.25240384615384615 0.06009615384615385 0.13701923076923078
1 0.28365384615384615 0.3173076923076923 0.05048076923076923 0.08653846153846154
0 0.7728365384615384 0.24879807692307693 0.07211538461538461 0.10817307692307693
0 0.7139423076923077 0.24879807692307693 0.04807692307692308 0.08173076923076923
1 0.23317307692307693 0.3112980769230769 0.04567307692307692 0.08653846153846154
0 0.8449519230769231 0.23798076923076922 0.04567307692307692 0.08413461538461539
0 0.9194711538461539 0.2548076923076923 0.04567307692307692 0.10817307692307693
0 0.41586538461538464 0.28725961538461536 0.04326923076923077 0.052884615384615384
0 0.5769230769230769 0.2668269230769231 0.038461538461538464 0.0673076923076923