0 0.1875 0.25600961538461536 0.0889423076923077 0.16105769230769232
0 0.08774038461538461 0.18389423076923078 0.07932692307692307 0.1201923076923077
0 0.7451923076923077 0.18870192307692307 0.08413461538461539 0.14423076923076922
0 0.2512019230769231 0.17548076923076922 0.07211538461538461 0.1466346153846154
0 0.9350961538461539 0.40625 0.12980769230769232 0.27403846153846156
0 0.8858173076923077 0.24278846153846154 0.06971153846153846 0.11057692307692307
0 0.8197115384615384 0.2800480769230769 0.09375 0.19471153846153846
0 0.046875 0.30528846153846156 0.08413461538461539 0.21875
0 0.10576923076923077 0.28725961538461536 0.08413461538461539 0.21875
0 0.5132211538461539 0.16346153846153846 0.0625 0.11298076923076923
0 0.7728365384615384 0.27283653846153844 0.057692307692307696 0.18028846153846154