0 0.9459134615384616 0.4987980769230769 0.10817307692307693 0.25240384615384615
0 0.140625 0.3401442307692308 0.09615384615384616 0.13942307692307693
0 0.828125 0.38100961538461536 0.0889423076923077 0.125
0 0.3485576923076923 0.2932692307692308 0.0673076923076923 0.09375
0 0.39302884615384615 0.3076923076923077 0.055288461538461536 0.08413461538461539
0 0.7848557692307693 0.3317307692307692 0.057692307692307696 0.08413461538461539
0 0.6802884615384616 0.2956730769230769 0.038461538461538464 0.05048076923076923
0 0.4567307692307692 0.28725961538461536 0.057692307692307696 0.07932692307692307
0 0.5060096153846154 0.27884615384615385 0.038461538461538464 0.06490384615384616
0 0.5264423076923077 0.2860576923076923 0.02403846153846154 0.057692307692307696
0 0.5456730769230769 0.28966346153846156 0.03125 0.06009615384615385
0 0.578125 0.2800480769230769 0.03365384615384615 0.052884615384615384
0 0.6141826923076923 0.2956730769230769 0.038461538461538464 0.057692307692307696