1 0.33413461538461536 0.3641826923076923 0.06971153846153846 0.10817307692307693
0 0.9278846153846154 0.234375 0.10096153846153846 0.16105769230769232
0 0.7283653846153846 0.29086538461538464 0.07451923076923077 0.11778846153846154
0 0.5841346153846154 0.27163461538461536 0.07211538461538461 0.11778846153846154
0 0.24278846153846154 0.390625 0.057692307692307696 0.10576923076923077
0 0.11899038461538461 0.3894230769230769 0.07451923076923077 0.10576923076923077
0 0.27884615384615385 0.3605769230769231 0.052884615384615384 0.08413461538461539
0 0.3858173076923077 0.35697115384615385 0.052884615384615384 0.08653846153846154
0 0.421875 0.36538461538461536 0.04326923076923077 0.08653846153846154
0 0.45072115384615385 0.359375 0.038461538461538464 0.055288461538461536
0 0.5144230769230769 0.31490384615384615 0.0625 0.10336538461538461