1 0.31850961538461536 0.43028846153846156 0.06490384615384616 0.07451923076923077
1 0.22355769230769232 0.43028846153846156 0.057692307692307696 0.0889423076923077
0 0.265625 0.46274038461538464 0.057692307692307696 0.08653846153846154
0 0.42908653846153844 0.44711538461538464 0.04567307692307692 0.06490384615384616
0 0.5721153846153846 0.46153846153846156 0.038461538461538464 0.0625
0 0.5420673076923077 0.4266826923076923 0.040865384615384616 0.057692307692307696
0 0.5060096153846154 0.43028846153846156 0.03125 0.052884615384615384
0 0.29086538461538464 0.4543269230769231 0.036057692307692304 0.07211538461538461
1 0.5949519230769231 0.42427884615384615 0.038461538461538464 0.0673076923076923
1 0.7211538461538461 0.44711538461538464 0.04807692307692308 0.07211538461538461
1 0.7956730769230769 0.44591346153846156 0.04326923076923077 0.0673076923076923
0 0.6670673076923077 0.46274038461538464 0.05048076923076923 0.0673076923076923
0 0.7728365384615384 0.5072115384615384 0.057692307692307696 0.07692307692307693
0 0.8918269230769231 0.46875 0.03365384615384615 0.052884615384615384
0 0.96875 0.47716346153846156 0.038461538461538464 0.052884615384615384