1 0.46634615384615385 0.4050480769230769 0.0673076923076923 0.11778846153846154
1 0.31850961538461536 0.39903846153846156 0.06490384615384616 0.1201923076923077
1 0.20192307692307693 0.3858173076923077 0.0673076923076923 0.11778846153846154
1 0.9134615384615384 0.43509615384615385 0.057692307692307696 0.10817307692307693
1 0.6935096153846154 0.4254807692307692 0.055288461538461536 0.09615384615384616
1 0.0733173076923077 0.3629807692307692 0.06490384615384616 0.11057692307692307
1 0.625 0.4026442307692308 0.052884615384615384 0.11538461538461539
1 0.25961538461538464 0.4074519230769231 0.038461538461538464 0.0673076923076923
0 0.53125 0.4170673076923077 0.04326923076923077 0.0673076923076923
1 0.8377403846153846 0.421875 0.026442307692307692 0.057692307692307696
1 0.7788461538461539 0.41225961538461536 0.05048076923076923 0.08653846153846154
1 0.1622596153846154 0.39783653846153844 0.03125 0.06490384615384616
1 0.009615384615384616 0.40865384615384615 0.016826923076923076 0.057692307692307696