1 0.6598557692307693 0.4723557692307692 0.06971153846153846 0.08173076923076923
1 0.7620192307692307 0.4723557692307692 0.0625 0.09615384615384616
0 0.7175480769230769 0.5096153846153846 0.0625 0.09375
0 0.5396634615384616 0.49158653846153844 0.05048076923076923 0.06971153846153846
0 0.38341346153846156 0.5060096153846154 0.040865384615384616 0.0673076923076923
0 0.41586538461538464 0.46875 0.04326923076923077 0.06490384615384616
0 0.45552884615384615 0.4735576923076923 0.03365384615384615 0.057692307692307696
0 0.6899038461538461 0.4987980769230769 0.038461538461538464 0.07692307692307693
1 0.3581730769230769 0.46634615384615385 0.04326923076923077 0.07211538461538461
1 0.22235576923076922 0.49158653846153844 0.05048076923076923 0.07932692307692307
1 0.13942307692307693 0.4879807692307692 0.04807692307692308 0.07211538461538461
0 0.2800480769230769 0.5072115384615384 0.055288461538461536 0.07211538461538461
0 0.1658653846153846 0.5564903846153846 0.0625 0.08413461538461539
0 0.03485576923076923 0.515625 0.036057692307692304 0.057692307692307696