1 0.1310096153846154 0.20673076923076922 0.10096153846153846 0.17548076923076922
1 0.9206730769230769 0.2800480769230769 0.08653846153846154 0.15865384615384615
1 0.34975961538461536 0.25961538461538464 0.08413461538461539 0.15384615384615385
1 0.6646634615384616 0.27403846153846156 0.08173076923076923 0.15384615384615385
1 0.4855769230769231 0.2764423076923077 0.07932692307692307 0.16346153846153846
1 0.5408653846153846 0.2668269230769231 0.0673076923076923 0.14903846153846154
1 0.265625 0.30408653846153844 0.057692307692307696 0.09615384615384616
0 0.7992788461538461 0.2956730769230769 0.07932692307692307 0.11778846153846154
0 0.7367788461538461 0.28725961538461536 0.05048076923076923 0.0889423076923077
1 0.2127403846153846 0.29086538461538464 0.05048076923076923 0.09615384615384616
0 0.8786057692307693 0.2932692307692308 0.05048076923076923 0.09134615384615384
0 0.9555288461538461 0.32091346153846156 0.052884615384615384 0.11778846153846154
0 0.4110576923076923 0.28966346153846156 0.04807692307692308 0.06009615384615385
0 0.5865384615384616 0.28966346153846156 0.040865384615384616 0.07211538461538461