1 0.33413461538461536 0.3557692307692308 0.06490384615384616 0.10336538461538461
0 0.9194711538461539 0.2403846153846154 0.0985576923076923 0.15865384615384615
0 0.7223557692307693 0.29086538461538464 0.07211538461538461 0.11538461538461539
0 0.5805288461538461 0.2692307692307692 0.06971153846153846 0.11538461538461539
0 0.24519230769230768 0.3798076923076923 0.055288461538461536 0.10336538461538461
0 0.12379807692307693 0.3762019230769231 0.07211538461538461 0.10096153846153846
0 0.28125 0.35096153846153844 0.05048076923076923 0.07932692307692307
0 0.38461538461538464 0.34975961538461536 0.04807692307692308 0.08413461538461539
0 0.41947115384615385 0.3581730769230769 0.040865384615384616 0.08173076923076923
0 0.4495192307692308 0.35336538461538464 0.036057692307692304 0.052884615384615384
0 0.5120192307692307 0.3112980769230769 0.06009615384615385 0.10096153846153846