0 0.17067307692307693 0.25600961538461536 0.08413461538461539 0.16826923076923078
0 0.06009615384615385 0.18629807692307693 0.07692307692307693 0.125
0 0.7632211538461539 0.140625 0.07932692307692307 0.14903846153846154
0 0.234375 0.16466346153846154 0.0673076923076923 0.15384615384615385
0 0.9627403846153846 0.36177884615384615 0.07211538461538461 0.28365384615384615
0 0.9182692307692307 0.1875 0.0673076923076923 0.11298076923076923
0 0.8509615384615384 0.23317307692307693 0.08653846153846154 0.20432692307692307
0 0.03125 0.31850961538461536 0.0625 0.2283653846153846
0 0.08653846153846154 0.2932692307692308 0.07211538461538461 0.23076923076923078
0 0.5132211538461539 0.1310096153846154 0.057692307692307696 0.11538461538461539
0 0.7992788461538461 0.22956730769230768 0.04807692307692308 0.18990384615384615