0 0.9122596153846154 0.36658653846153844 0.17548076923076922 0.25721153846153844
0 0.06490384615384616 0.39903846153846156 0.0985576923076923 0.13942307692307693
0 0.7403846153846154 0.2860576923076923 0.0889423076923077 0.125
0 0.25600961538461536 0.3076923076923077 0.06971153846153846 0.09375
0 0.3016826923076923 0.3125 0.057692307692307696 0.08413461538461539
0 0.6875 0.24639423076923078 0.06009615384615385 0.08413461538461539
0 0.5769230769230769 0.23677884615384615 0.040865384615384616 0.05048076923076923
0 0.3605769230769231 0.27884615384615385 0.057692307692307696 0.07692307692307693
0 0.40625 0.25841346153846156 0.040865384615384616 0.06490384615384616
0 0.4254807692307692 0.2620192307692308 0.026442307692307692 0.057692307692307696
0 0.44471153846153844 0.2608173076923077 0.03125 0.06009615384615385
0 0.47475961538461536 0.2439903846153846 0.03365384615384615 0.052884615384615384
0 0.5144230769230769 0.2512019230769231 0.038461538461538464 0.057692307692307696