0 0.9290865384615384 0.41947115384615385 0.14182692307692307 0.23798076923076922
0 0.11538461538461539 0.3798076923076923 0.08413461538461539 0.12980769230769232
0 0.7740384615384616 0.3269230769230769 0.07692307692307693 0.11538461538461539
0 0.30649038461538464 0.3076923076923077 0.06009615384615385 0.08653846153846154
0 0.35096153846153844 0.31490384615384615 0.04807692307692308 0.07692307692307693
0 0.7271634615384616 0.2848557692307692 0.05048076923076923 0.07692307692307693
0 0.6213942307692307 0.2644230769230769 0.036057692307692304 0.04567307692307692
0 0.4098557692307692 0.28846153846153844 0.05048076923076923 0.07211538461538461
0 0.4543269230769231 0.27283653846153844 0.03365384615384615 0.06009615384615385
0 0.47475961538461536 0.2776442307692308 0.021634615384615384 0.052884615384615384
0 0.49399038461538464 0.2776442307692308 0.02403846153846154 0.057692307692307696
0 0.5216346153846154 0.2644230769230769 0.028846153846153848 0.04807692307692308
0 0.5600961538461539 0.27403846153846156 0.03365384615384615 0.052884615384615384