0 0.02403846153846154 0.6274038461538461 0.03125 0.07211538461538461
0 0.10096153846153846 0.6346153846153846 0.03125 0.04807692307692308
0 0.18509615384615385 0.6141826923076923 0.02403846153846154 0.04567307692307692
0 0.140625 0.6117788461538461 0.057692307692307696 0.09615384615384616
0 0.29086538461538464 0.5480769230769231 0.055288461538461536 0.09134615384615384
0 0.33774038461538464 0.5252403846153846 0.04326923076923077 0.0673076923076923
0 0.32211538461538464 0.5516826923076923 0.03365384615384615 0.06009615384615385
0 0.38100961538461536 0.5252403846153846 0.04807692307692308 0.0625
0 0.4483173076923077 0.5240384615384616 0.05048076923076923 0.08173076923076923
0 0.49399038461538464 0.4963942307692308 0.07451923076923077 0.11298076923076923
0 0.8677884615384616 0.3870192307692308 0.05048076923076923 0.07692307692307693
0 0.6526442307692307 0.4411057692307692 0.06490384615384616 0.09615384615384616