1 0.057692307692307696 0.09495192307692307 0.06971153846153846 0.10576923076923077
1 0.39783653846153844 0.5252403846153846 0.05048076923076923 0.07692307692307693
1 0.7283653846153846 0.7271634615384616 0.055288461538461536 0.12259615384615384
1 0.5901442307692307 0.5180288461538461 0.040865384615384616 0.057692307692307696
1 0.5480769230769231 0.4807692307692308 0.04567307692307692 0.07451923076923077
1 0.0829326923076923 0.2776442307692308 0.057692307692307696 0.0985576923076923
1 0.43990384615384615 0.27283653846153844 0.04807692307692308 0.07692307692307693
1 0.7319711538461539 0.38341346153846156 0.055288461538461536 0.07692307692307693
1 0.6682692307692307 0.1971153846153846 0.04326923076923077 0.08173076923076923
1 0.125 0.10216346153846154 0.04326923076923077 0.07451923076923077
1 0.6045673076923077 0.17548076923076922 0.036057692307692304 0.057692307692307696
1 0.7439903846153846 0.14302884615384615 0.028846153846153848 0.07451923076923077
1 0.7139423076923077 0.2127403846153846 0.04326923076923077 0.07692307692307693
1 0.15745192307692307 0.15504807692307693 0.038461538461538464 0.06971153846153846
1 0.39663461538461536 0.38822115384615385 0.04326923076923077 0.06490384615384616
1 0.34134615384615385 0.41225961538461536 0.03365384615384615 0.06490384615384616
1 0.41346153846153844 0.2283653846153846 0.03365384615384615 0.052884615384615384
1 0.3701923076923077 0.41466346153846156 0.036057692307692304 0.06971153846153846