1 0.7271634615384616 0.5168269230769231 0.0625 0.11538461538461539
1 0.1658653846153846 0.48197115384615385 0.07211538461538461 0.0985576923076923
1 0.47596153846153844 0.46875 0.057692307692307696 0.10817307692307693
1 0.6189903846153846 0.5036057692307693 0.06009615384615385 0.09615384615384616
1 0.34134615384615385 0.4519230769230769 0.06490384615384616 0.10096153846153846
1 0.40865384615384615 0.47716346153846156 0.06009615384615385 0.10576923076923077
1 0.2776442307692308 0.2920673076923077 0.07211538461538461 0.11057692307692307
1 0.3858173076923077 0.27403846153846156 0.06490384615384616 0.10817307692307693
1 0.5264423076923077 0.4891826923076923 0.057692307692307696 0.10576923076923077
1 0.4951923076923077 0.11778846153846154 0.06009615384615385 0.10817307692307693
1 0.23317307692307693 0.49399038461538464 0.0673076923076923 0.10336538461538461
1 0.8629807692307693 0.5108173076923077 0.06971153846153846 0.09615384615384616
1 0.8052884615384616 0.47596153846153844 0.057692307692307696 0.08413461538461539
1 0.7740384615384616 0.40865384615384615 0.05048076923076923 0.09134615384615384
1 0.6598557692307693 0.33413461538461536 0.055288461538461536 0.11057692307692307
1 0.5480769230769231 0.30528846153846156 0.04807692307692308 0.09375