0 0.8173076923076923 0.2512019230769231 0.12259615384615384 0.18269230769230768
0 0.11057692307692307 0.31971153846153844 0.07692307692307693 0.14182692307692307
0 0.41225961538461536 0.265625 0.09615384615384616 0.17307692307692307
0 0.6382211538461539 0.23317307692307693 0.11057692307692307 0.16826923076923078
0 0.23317307692307693 0.24158653846153846 0.125 0.21634615384615385
0 0.021634615384615384 0.29447115384615385 0.04326923076923077 0.14182692307692307
0 0.4699519230769231 0.3112980769230769 0.05048076923076923 0.10817307692307693
0 0.3605769230769231 0.28846153846153844 0.05048076923076923 0.10817307692307693
0 0.8990384615384616 0.2776442307692308 0.057692307692307696 0.10817307692307693
0 0.7463942307692307 0.2860576923076923 0.038461538461538464 0.07451923076923077
0 0.9651442307692307 0.2932692307692308 0.05048076923076923 0.11298076923076923
0 0.5192307692307693 0.31009615384615385 0.036057692307692304 0.0625
0 0.3317307692307692 0.3088942307692308 0.04807692307692308 0.0889423076923077
0 0.5709134615384616 0.3293269230769231 0.04807692307692308 0.08173076923076923
0 0.5901442307692307 0.2692307692307692 0.040865384615384616 0.09375
0 0.003605769230769231 0.24158653846153846 0.007211538461538462 0.19471153846153846