1 0.171875 0.4170673076923077 0.055288461538461536 0.09615384615384616
1 0.7800480769230769 0.40625 0.04807692307692308 0.08413461538461539
1 0.1045673076923077 0.38822115384615385 0.057692307692307696 0.0985576923076923
1 0.2800480769230769 0.39903846153846156 0.04326923076923077 0.0889423076923077
1 0.36778846153846156 0.4098557692307692 0.04567307692307692 0.0889423076923077
1 0.4074519230769231 0.42427884615384615 0.036057692307692304 0.06971153846153846
1 0.47596153846153844 0.421875 0.03125 0.06009615384615385
1 0.5072115384615384 0.4026442307692308 0.040865384615384616 0.07932692307692307
1 0.546875 0.41225961538461536 0.028846153846153848 0.08413461538461539
1 0.5769230769230769 0.39663461538461536 0.04326923076923077 0.0889423076923077
1 0.6141826923076923 0.41947115384615385 0.040865384615384616 0.07932692307692307
1 0.6802884615384616 0.41225961538461536 0.04567307692307692 0.08653846153846154
1 0.7295673076923077 0.4074519230769231 0.04567307692307692 0.08413461538461539