0 0.08774038461538461 0.33052884615384615 0.10096153846153846 0.17548076923076922
0 0.3389423076923077 0.3137019230769231 0.06971153846153846 0.14423076923076922
0 0.4651442307692308 0.33533653846153844 0.07692307692307693 0.14423076923076922
0 0.20793269230769232 0.31490384615384615 0.07451923076923077 0.1346153846153846
0 0.4014423076923077 0.33653846153846156 0.06009615384615385 0.12740384615384615
0 0.7079326923076923 0.30649038461538464 0.06009615384615385 0.1346153846153846
0 0.8413461538461539 0.33774038461538464 0.06490384615384616 0.13701923076923078
0 0.7620192307692307 0.35096153846153844 0.06009615384615385 0.1201923076923077
0 0.6694711538461539 0.3329326923076923 0.052884615384615384 0.11057692307692307
0 0.6069711538461539 0.32091346153846156 0.05048076923076923 0.09375
0 0.007211538461538462 0.3317307692307692 0.014423076923076924 0.09134615384615384
0 0.29927884615384615 0.3245192307692308 0.04326923076923077 0.09615384615384616
0 0.26322115384615385 0.33533653846153844 0.040865384615384616 0.10096153846153846