0 0.5012019230769231 0.4182692307692308 0.055288461538461536 0.09375
0 0.9350961538461539 0.4579326923076923 0.07692307692307693 0.11298076923076923
0 0.7788461538461539 0.4579326923076923 0.06971153846153846 0.10576923076923077
0 0.8137019230769231 0.45072115384615385 0.04567307692307692 0.07692307692307693
0 0.7163461538461539 0.4254807692307692 0.06009615384615385 0.0985576923076923
0 0.6814903846153846 0.4519230769230769 0.055288461538461536 0.08413461538461539
0 0.6310096153846154 0.46033653846153844 0.06009615384615385 0.0985576923076923
0 0.5877403846153846 0.4543269230769231 0.052884615384615384 0.0889423076923077
0 0.3112980769230769 0.3870192307692308 0.07692307692307693 0.10576923076923077
0 0.1141826923076923 0.39783653846153844 0.06490384615384616 0.09375
0 0.21995192307692307 0.38341346153846156 0.057692307692307696 0.09375