0 0.14302884615384615 0.2764423076923077 0.12259615384615384 0.18509615384615385
0 0.8798076923076923 0.32091346153846156 0.07451923076923077 0.14423076923076922
0 0.5649038461538461 0.27524038461538464 0.09375 0.1778846153846154
0 0.3293269230769231 0.25 0.10817307692307693 0.17067307692307693
0 0.75 0.2439903846153846 0.12259615384615384 0.22115384615384615
0 0.9747596153846154 0.29086538461538464 0.05048076923076923 0.14423076923076922
0 0.5072115384615384 0.3245192307692308 0.04807692307692308 0.11057692307692307
0 0.6189903846153846 0.296875 0.04807692307692308 0.11057692307692307
0 0.06009615384615385 0.30649038461538464 0.057692307692307696 0.11057692307692307
0 0.21875 0.3088942307692308 0.036057692307692304 0.07692307692307693
0 0.45552884615384615 0.3269230769230769 0.036057692307692304 0.06490384615384616
0 0.6490384615384616 0.3173076923076923 0.04807692307692308 0.09134615384615384
0 0.4014423076923077 0.34615384615384615 0.04807692307692308 0.08413461538461539
0 0.38100961538461536 0.2848557692307692 0.038461538461538464 0.09615384615384616
0 0.9927884615384616 0.23557692307692307 0.014423076923076924 0.20192307692307693