0 0.5240384615384616 0.4182692307692308 0.04326923076923077 0.08173076923076923
0 0.9254807692307693 0.41225961538461536 0.0625 0.0985576923076923
0 0.7848557692307693 0.4266826923076923 0.055288461538461536 0.09134615384615384
0 0.8137019230769231 0.4182692307692308 0.036057692307692304 0.06971153846153846
0 0.7211538461538461 0.40384615384615385 0.04807692307692308 0.0889423076923077
0 0.6923076923076923 0.43149038461538464 0.04567307692307692 0.07211538461538461
0 0.6466346153846154 0.4423076923076923 0.04807692307692308 0.0889423076923077
0 0.6069711538461539 0.4423076923076923 0.040865384615384616 0.07932692307692307
0 0.34615384615384615 0.40625 0.06009615384615385 0.09134615384615384
0 0.03365384615384615 0.41466346153846156 0.038461538461538464 0.07692307692307693
0 0.05889423076923077 0.4230769230769231 0.03125 0.0673076923076923
0 0.16706730769230768 0.43509615384615385 0.052884615384615384 0.08413461538461539
0 0.2644230769230769 0.41346153846153844 0.04807692307692308 0.08173076923076923