0 0.11899038461538461 0.3329326923076923 0.0985576923076923 0.17307692307692307
0 0.36899038461538464 0.33774038461538464 0.06490384615384616 0.14423076923076922
0 0.49278846153846156 0.3713942307692308 0.07451923076923077 0.14423076923076922
0 0.23918269230769232 0.3269230769230769 0.06971153846153846 0.13221153846153846
0 0.42908653846153844 0.36658653846153844 0.057692307692307696 0.125
0 0.7355769230769231 0.3629807692307692 0.057692307692307696 0.13221153846153846
0 0.8653846153846154 0.40625 0.0625 0.13701923076923078
0 0.7860576923076923 0.41225961538461536 0.057692307692307696 0.11778846153846154
0 0.6947115384615384 0.38822115384615385 0.052884615384615384 0.11057692307692307
0 0.6346153846153846 0.36899038461538464 0.05048076923076923 0.09134615384615384
0 0.02403846153846154 0.32572115384615385 0.038461538461538464 0.09134615384615384
0 0.328125 0.3449519230769231 0.040865384615384616 0.09615384615384616
0 0.29086538461538464 0.35336538461538464 0.038461538461538464 0.0985576923076923