0 0.9771634615384616 0.4963942307692308 0.040865384615384616 0.07211538461538461
0 0.8966346153846154 0.5216346153846154 0.028846153846153848 0.04567307692307692
0 0.8125 0.5228365384615384 0.021634615384615384 0.04567307692307692
0 0.8545673076923077 0.5096153846153846 0.052884615384615384 0.09134615384615384
0 0.6947115384615384 0.484375 0.05048076923076923 0.0889423076923077
0 0.6454326923076923 0.4735576923076923 0.038461538461538464 0.0673076923076923
0 0.6658653846153846 0.4951923076923077 0.03125 0.057692307692307696
0 0.6033653846153846 0.484375 0.040865384615384616 0.06009615384615385
0 0.5396634615384616 0.5 0.04326923076923077 0.07932692307692307
0 0.4891826923076923 0.484375 0.06490384615384616 0.10817307692307693
0 0.10576923076923077 0.4675480769230769 0.04567307692307692 0.07211538461538461
0 0.3245192307692308 0.46875 0.057692307692307696 0.09375