0 0.0625 0.4098557692307692 0.057692307692307696 0.07692307692307693
0 0.1346153846153846 0.390625 0.07451923076923077 0.09375
0 0.26322115384615385 0.4182692307692308 0.057692307692307696 0.08173076923076923
0 0.6622596153846154 0.4831730769230769 0.08173076923076923 0.11538461538461539
0 0.9266826923076923 0.5600961538461539 0.1466346153846154 0.1778846153846154
0 0.8713942307692307 0.5300480769230769 0.04567307692307692 0.06971153846153846
0 0.8112980769230769 0.5060096153846154 0.06490384615384616 0.09615384615384616
0 0.7367788461538461 0.5144230769230769 0.04807692307692308 0.0673076923076923
0 0.6213942307692307 0.4807692307692308 0.052884615384615384 0.0985576923076923
0 0.5661057692307693 0.5024038461538461 0.06971153846153846 0.10096153846153846
0 0.5324519230769231 0.5 0.04567307692307692 0.06490384615384616
0 0.4795673076923077 0.4699519230769231 0.07692307692307693 0.0985576923076923
0 0.3605769230769231 0.4423076923076923 0.06971153846153846 0.08413461538461539