1 0.2824519230769231 0.5444711538461539 0.06971153846153846 0.11057692307692307
1 0.8064903846153846 0.4639423076923077 0.07451923076923077 0.0985576923076923
1 0.515625 0.47716346153846156 0.0625 0.10576923076923077
1 0.38461538461538464 0.5216346153846154 0.06490384615384616 0.09615384615384616
1 0.640625 0.45072115384615385 0.0673076923076923 0.0985576923076923
1 0.5793269230769231 0.47836538461538464 0.06490384615384616 0.10336538461538461
1 0.6875 0.29447115384615385 0.07451923076923077 0.10817307692307693
1 0.5829326923076923 0.28846153846153844 0.06971153846153846 0.10576923076923077
1 0.4699519230769231 0.5024038461538461 0.0625 0.10336538461538461
1 0.4675480769230769 0.1502403846153846 0.06490384615384616 0.10576923076923077
1 0.7463942307692307 0.48197115384615385 0.06971153846153846 0.10096153846153846
1 0.15504807692307693 0.5492788461538461 0.07211538461538461 0.09375
1 0.20673076923076922 0.5108173076923077 0.0625 0.08173076923076923
1 0.22956730769230768 0.44711538461538464 0.052884615384615384 0.0889423076923077
1 0.3317307692307692 0.36658653846153844 0.06009615384615385 0.10817307692307693
1 0.4326923076923077 0.33052884615384615 0.05048076923076923 0.09134615384615384