0 0.9290865384615384 0.421875 0.05048076923076923 0.07211538461538461
0 0.8617788461538461 0.39903846153846156 0.06490384615384616 0.08653846153846154
0 0.7391826923076923 0.41586538461538464 0.05048076923076923 0.07451923076923077
0 0.35697115384615385 0.4519230769230769 0.06971153846153846 0.10576923076923077
0 0.09735576923076923 0.5084134615384616 0.13221153846153846 0.16105769230769232
0 0.15384615384615385 0.4831730769230769 0.040865384615384616 0.0625
0 0.2127403846153846 0.4639423076923077 0.055288461538461536 0.0889423076923077
0 0.28365384615384615 0.47475961538461536 0.04326923076923077 0.06009615384615385
0 0.3954326923076923 0.4519230769230769 0.04567307692307692 0.09134615384615384
0 0.44591346153846156 0.47596153846153844 0.06009615384615385 0.09134615384615384
0 0.47836538461538464 0.47596153846153844 0.040865384615384616 0.06009615384615385
0 0.5300480769230769 0.4519230769230769 0.0673076923076923 0.0889423076923077
0 0.6442307692307693 0.4326923076923077 0.0625 0.07692307692307693