0 0.0889423076923077 0.34975961538461536 0.10096153846153846 0.17307692307692307
0 0.3329326923076923 0.328125 0.0673076923076923 0.14182692307692307
0 0.45552884615384615 0.3485576923076923 0.07692307692307693 0.14182692307692307
0 0.20552884615384615 0.3329326923076923 0.07451923076923077 0.13221153846153846
0 0.3942307692307692 0.35096153846153844 0.06009615384615385 0.12259615384615384
0 0.6923076923076923 0.31490384615384615 0.0625 0.12980769230769232
0 0.8221153846153846 0.34375 0.06490384615384616 0.1346153846153846
0 0.9831730769230769 0.3762019230769231 0.028846153846153848 0.13942307692307693
0 0.7439903846153846 0.359375 0.06009615384615385 0.11538461538461539
0 0.6550480769230769 0.34375 0.055288461538461536 0.11057692307692307
0 0.59375 0.3317307692307692 0.052884615384615384 0.09134615384615384
0 0.008413461538461538 0.35096153846153844 0.016826923076923076 0.09134615384615384
0 0.29447115384615385 0.3401442307692308 0.04326923076923077 0.09375
0 0.25841346153846156 0.35216346153846156 0.040865384615384616 0.0985576923076923