0 0.9326923076923077 0.47836538461538464 0.052884615384615384 0.07211538461538461
0 0.8713942307692307 0.44350961538461536 0.0673076923076923 0.08653846153846154
0 0.75 0.4375 0.052884615384615384 0.07692307692307693
0 0.37259615384615385 0.40024038461538464 0.07451923076923077 0.10817307692307693
0 0.11177884615384616 0.40625 0.13942307692307693 0.1658653846153846
0 0.171875 0.3918269230769231 0.040865384615384616 0.06490384615384616
0 0.23317307692307693 0.38341346153846156 0.057692307692307696 0.0889423076923077
0 0.29927884615384615 0.40865384615384615 0.04567307692307692 0.0625
0 0.4110576923076923 0.4074519230769231 0.04807692307692308 0.09134615384615384
0 0.45552884615384615 0.43990384615384615 0.0625 0.09375
0 0.4855769230769231 0.44471153846153844 0.040865384615384616 0.0625
0 0.5408653846153846 0.4326923076923077 0.06971153846153846 0.09134615384615384
0 0.6550480769230769 0.43509615384615385 0.0625 0.07692307692307693