0 0.5084134615384616 0.39663461538461536 0.04326923076923077 0.08413461538461539
0 0.09014423076923077 0.36177884615384615 0.0625 0.10096153846153846
0 0.23798076923076922 0.3870192307692308 0.055288461538461536 0.09375
0 0.20673076923076922 0.3762019230769231 0.036057692307692304 0.07211538461538461
0 0.30288461538461536 0.36778846153846156 0.04567307692307692 0.09134615384615384
0 0.33052884615384615 0.39903846153846156 0.04326923076923077 0.07451923076923077
0 0.3786057692307692 0.41346153846153844 0.04567307692307692 0.09134615384615384
0 0.4206730769230769 0.4170673076923077 0.040865384615384616 0.08173076923076923
0 0.6947115384615384 0.39903846153846156 0.0625 0.09375
0 0.9891826923076923 0.43509615384615385 0.021634615384615384 0.0673076923076923
0 0.8798076923076923 0.4423076923076923 0.052884615384615384 0.08413461538461539
0 0.78125 0.4110576923076923 0.04567307692307692 0.08413461538461539