1 0.7632211538461539 0.5252403846153846 0.057692307692307696 0.11298076923076923
1 0.20072115384615385 0.5372596153846154 0.0673076923076923 0.09375
1 0.5072115384615384 0.4987980769230769 0.05048076923076923 0.10576923076923077
1 0.6526442307692307 0.5216346153846154 0.055288461538461536 0.09375
1 0.37259615384615385 0.49399038461538464 0.06009615384615385 0.0985576923076923
1 0.4411057692307692 0.5132211538461539 0.055288461538461536 0.10336538461538461
1 0.29447115384615385 0.3389423076923077 0.06490384615384616 0.10576923076923077
1 0.4014423076923077 0.3125 0.06009615384615385 0.10336538461538461
1 0.5600961538461539 0.515625 0.052884615384615384 0.10336538461538461
1 0.49759615384615385 0.1466346153846154 0.055288461538461536 0.10576923076923077
1 0.26802884615384615 0.5444711538461539 0.0625 0.10096153846153846
1 0.8978365384615384 0.5072115384615384 0.06490384615384616 0.09134615384615384
1 0.8365384615384616 0.47716346153846156 0.055288461538461536 0.08173076923076923
1 0.8004807692307693 0.41346153846153844 0.04567307692307692 0.0889423076923077
1 0.6790865384615384 0.3473557692307692 0.04807692307692308 0.10817307692307693
1 0.5673076923076923 0.33052884615384615 0.04326923076923077 0.09134615384615384