1 0.04447115384615385 0.1502403846153846 0.06971153846153846 0.10336538461538461
1 0.39903846153846156 0.5288461538461539 0.05048076923076923 0.07692307692307693
1 0.7283653846153846 0.6923076923076923 0.057692307692307696 0.11778846153846154
1 0.5817307692307693 0.5060096153846154 0.04326923076923077 0.057692307692307696
1 0.5396634615384616 0.47475961538461536 0.04567307692307692 0.07211538461538461
1 0.08533653846153846 0.32091346153846156 0.06009615384615385 0.09615384615384616
1 0.4206730769230769 0.28725961538461536 0.04807692307692308 0.07692307692307693
1 0.703125 0.36778846153846156 0.055288461538461536 0.07692307692307693
1 0.6286057692307693 0.19831730769230768 0.04326923076923077 0.07932692307692307
1 0.10817307692307693 0.15384615384615385 0.04326923076923077 0.07211538461538461
1 0.5661057692307693 0.18389423076923078 0.038461538461538464 0.055288461538461536
1 0.6947115384615384 0.13942307692307693 0.028846153846153848 0.07211538461538461
1 0.671875 0.20793269230769232 0.04326923076923077 0.07692307692307693
1 0.14423076923076922 0.19951923076923078 0.040865384615384616 0.0673076923076923
1 0.38822115384615385 0.39903846153846156 0.04567307692307692 0.06490384615384616
1 0.3389423076923077 0.4266826923076923 0.03365384615384615 0.0625
1 0.390625 0.24759615384615385 0.03365384615384615 0.052884615384615384
1 0.36538461538461536 0.4266826923076923 0.038461538461538464 0.0673076923076923