1 0.1935096153846154 0.31850961538461536 0.06971153846153846 0.10576923076923077
1 0.8076923076923077 0.42788461538461536 0.0625 0.09134615384615384
1 0.13221153846153846 0.2764423076923077 0.07451923076923077 0.11057692307692307
1 0.30528846153846156 0.32211538461538464 0.057692307692307696 0.0985576923076923
1 0.3918269230769231 0.35096153846153844 0.06009615384615385 0.0985576923076923
1 0.42908653846153844 0.3737980769230769 0.04567307692307692 0.07692307692307693
1 0.4987980769230769 0.38461538461538464 0.040865384615384616 0.0673076923076923
1 0.5336538461538461 0.3701923076923077 0.052884615384615384 0.08653846153846154
1 0.5721153846153846 0.3894230769230769 0.04326923076923077 0.0889423076923077
1 0.6057692307692307 0.3786057692307692 0.057692307692307696 0.0985576923076923
1 0.6382211538461539 0.4098557692307692 0.052884615384615384 0.08653846153846154
1 0.7067307692307693 0.41466346153846156 0.06009615384615385 0.09615384615384616
1 0.7572115384615384 0.4182692307692308 0.06009615384615385 0.09134615384615384