0 0.8665865384615384 0.32572115384615385 0.1346153846153846 0.18990384615384615
0 0.15865384615384615 0.2439903846153846 0.08653846153846154 0.1466346153846154
0 0.46634615384615385 0.2536057692307692 0.10576923076923077 0.18028846153846154
0 0.6947115384615384 0.2704326923076923 0.1201923076923077 0.17548076923076922
0 0.2956730769230769 0.1935096153846154 0.13942307692307693 0.22355769230769232
0 0.06610576923076923 0.20072115384615385 0.07692307692307693 0.1466346153846154
0 0.5132211538461539 0.3112980769230769 0.057692307692307696 0.11057692307692307
0 0.4110576923076923 0.2668269230769231 0.057692307692307696 0.11057692307692307
0 0.9411057692307693 0.36899038461538464 0.06490384615384616 0.11057692307692307
0 0.7896634615384616 0.34375 0.04326923076923077 0.07932692307692307
0 0.9879807692307693 0.3942307692307692 0.02403846153846154 0.11538461538461539
0 0.5625 0.32211538461538464 0.040865384615384616 0.06490384615384616
0 0.37740384615384615 0.2800480769230769 0.055288461538461536 0.09134615384615384
0 0.609375 0.34975961538461536 0.052884615384615384 0.08653846153846154
0 0.640625 0.2956730769230769 0.04807692307692308 0.09615384615384616
0 0.057692307692307696 0.14302884615384615 0.05048076923076923 0.1971153846153846