1 0.19110576923076922 0.390625 0.057692307692307696 0.09615384615384616
1 0.7824519230769231 0.43149038461538464 0.05048076923076923 0.08413461538461539
1 0.12740384615384615 0.3557692307692308 0.06009615384615385 0.10096153846153846
1 0.2956730769230769 0.38221153846153844 0.04807692307692308 0.09134615384615384
1 0.38100961538461536 0.4014423076923077 0.05048076923076923 0.09134615384615384
1 0.41947115384615385 0.41947115384615385 0.038461538461538464 0.06971153846153846
1 0.4855769230769231 0.421875 0.03365384615384615 0.06009615384615385
1 0.5168269230769231 0.40625 0.04326923076923077 0.08173076923076923
1 0.5552884615384616 0.41947115384615385 0.03125 0.08413461538461539
1 0.5865384615384616 0.40625 0.04807692307692308 0.09134615384615384
1 0.6189903846153846 0.43149038461538464 0.04326923076923077 0.08173076923076923
1 0.6838942307692307 0.43028846153846156 0.04807692307692308 0.08653846153846154
1 0.7331730769230769 0.42788461538461536 0.04807692307692308 0.08413461538461539