1 0.9326923076923077 0.13701923076923078 0.0673076923076923 0.10096153846153846
1 0.5889423076923077 0.5288461538461539 0.04807692307692308 0.07451923076923077
1 0.2644230769230769 0.703125 0.055288461538461536 0.11778846153846154
1 0.40625 0.5120192307692307 0.040865384615384616 0.055288461538461536
1 0.44711538461538464 0.47836538461538464 0.04326923076923077 0.07211538461538461
1 0.8978365384615384 0.3088942307692308 0.057692307692307696 0.09375
1 0.5600961538461539 0.28846153846153844 0.04567307692307692 0.07451923076923077
1 0.2776442307692308 0.3786057692307692 0.055288461538461536 0.07451923076923077
1 0.3473557692307692 0.20552884615384615 0.040865384615384616 0.07932692307692307
1 0.8677884615384616 0.14302884615384615 0.040865384615384616 0.07211538461538461
1 0.4098557692307692 0.18870192307692307 0.036057692307692304 0.055288461538461536
1 0.27884615384615385 0.14903846153846154 0.028846153846153848 0.06971153846153846
1 0.30288461538461536 0.21754807692307693 0.040865384615384616 0.07451923076923077
1 0.8341346153846154 0.19110576923076922 0.038461538461538464 0.0673076923076923
1 0.5961538461538461 0.40024038461538464 0.04326923076923077 0.0625
1 0.6454326923076923 0.42427884615384615 0.03365384615384615 0.0625
1 0.5877403846153846 0.24639423076923078 0.03365384615384615 0.05048076923076923
1 0.6189903846153846 0.42427884615384615 0.036057692307692304 0.06490384615384616