1 0.28846153846153844 0.3125 0.11057692307692307 0.15144230769230768
1 0.9411057692307693 0.5036057692307693 0.10576923076923077 0.14423076923076922
1 0.7608173076923077 0.4326923076923077 0.09615384615384616 0.13701923076923078
1 0.421875 0.359375 0.07932692307692307 0.11778846153846154
1 0.10817307692307693 0.34975961538461536 0.08413461538461539 0.12740384615384615
1 0.5504807692307693 0.42427884615384615 0.04567307692307692 0.07451923076923077
1 0.47475961538461536 0.40384615384615385 0.055288461538461536 0.08173076923076923
1 0.5072115384615384 0.4411057692307692 0.038461538461538464 0.06009615384615385
1 0.3641826923076923 0.3605769230769231 0.05048076923076923 0.08173076923076923
1 0.1622596153846154 0.35216346153846156 0.07211538461538461 0.12740384615384615
1 0.21033653846153846 0.36177884615384615 0.0673076923076923 0.0985576923076923