1 0.2668269230769231 0.34975961538461536 0.09134615384615384 0.14182692307692307
1 0.9375 0.4483173076923077 0.0889423076923077 0.13221153846153846
1 0.75 0.4026442307692308 0.07932692307692307 0.12740384615384615
1 0.40625 0.37740384615384615 0.0673076923076923 0.11057692307692307
1 0.09375 0.41225961538461536 0.06971153846153846 0.1201923076923077
1 0.5396634615384616 0.42427884615384615 0.036057692307692304 0.0673076923076923
1 0.46274038461538464 0.41466346153846156 0.04567307692307692 0.07692307692307693
1 0.5012019230769231 0.44711538461538464 0.03125 0.057692307692307696
1 0.3485576923076923 0.3870192307692308 0.040865384615384616 0.07692307692307693
1 0.14903846153846154 0.4074519230769231 0.057692307692307696 0.1201923076923077
1 0.1971153846153846 0.4098557692307692 0.055288461538461536 0.09134615384615384