1 0.13942307692307693 0.31850961538461536 0.13942307692307693 0.27884615384615385
1 0.7872596153846154 0.3798076923076923 0.08413461538461539 0.17307692307692307
1 0.49399038461538464 0.3942307692307692 0.11057692307692307 0.18269230769230768
1 0.65625 0.3858173076923077 0.09375 0.19951923076923078
1 0.8870192307692307 0.4254807692307692 0.0625 0.13701923076923078
1 0.2860576923076923 0.3557692307692308 0.0673076923076923 0.18990384615384615
1 0.3629807692307692 0.35096153846153844 0.08653846153846154 0.19471153846153846
1 0.9555288461538461 0.44471153846153844 0.0889423076923077 0.22115384615384615
1 0.44471153846153844 0.4206730769230769 0.055288461538461536 0.14903846153846154
1 0.9158653846153846 0.46033653846153844 0.06971153846153846 0.15384615384615385
1 0.7367788461538461 0.45072115384615385 0.0673076923076923 0.11057692307692307