1 0.1201923076923077 0.48197115384615385 0.04807692307692308 0.0889423076923077
1 0.15264423076923078 0.16826923076923078 0.03125 0.06490384615384616
1 0.46875 0.038461538461538464 0.03365384615384615 0.0625
1 0.22355769230769232 0.31490384615384615 0.04807692307692308 0.07211538461538461
1 0.31971153846153844 0.1971153846153846 0.038461538461538464 0.0673076923076923
1 0.5072115384615384 0.31971153846153844 0.040865384615384616 0.06490384615384616
1 0.9699519230769231 0.6875 0.055288461538461536 0.08413461538461539
1 0.9338942307692307 0.44350961538461536 0.04567307692307692 0.08413461538461539
1 0.6346153846153846 0.3245192307692308 0.040865384615384616 0.06490384615384616
1 0.6682692307692307 0.19951923076923078 0.040865384615384616 0.0673076923076923
1 0.5276442307692307 0.2776442307692308 0.036057692307692304 0.0625