0 0.6887019230769231 0.2824519230769231 0.0625 0.125
0 0.5348557692307693 0.25961538461538464 0.036057692307692304 0.1201923076923077
0 0.9026442307692307 0.27403846153846156 0.04807692307692308 0.10096153846153846
0 0.7319711538461539 0.25 0.036057692307692304 0.09615384615384616
0 0.6502403846153846 0.27283653846153844 0.03125 0.0673076923076923
0 0.5120192307692307 0.2776442307692308 0.02403846153846154 0.07932692307692307
0 0.49399038461538464 0.2824519230769231 0.026442307692307692 0.06971153846153846
0 0.4483173076923077 0.2860576923076923 0.036057692307692304 0.08653846153846154
0 0.3641826923076923 0.2980769230769231 0.03365384615384615 0.06971153846153846
0 0.3173076923076923 0.2848557692307692 0.04807692307692308 0.10576923076923077
0 0.28365384615384615 0.2608173076923077 0.036057692307692304 0.10096153846153846