1 0.30649038461538464 0.2980769230769231 0.0673076923076923 0.11298076923076923
1 0.44350961538461536 0.31850961538461536 0.07211538461538461 0.12740384615384615
1 0.23918269230769232 0.28125 0.057692307692307696 0.11778846153846154
1 0.6622596153846154 0.32091346153846156 0.06490384615384616 0.11538461538461539
1 0.5625 0.3293269230769231 0.05048076923076923 0.0985576923076923
1 0.3605769230769231 0.3125 0.04567307692307692 0.09375
1 0.7139423076923077 0.35216346153846156 0.05048076923076923 0.0985576923076923
1 0.7680288461538461 0.34975961538461536 0.04326923076923077 0.0889423076923077
1 0.6033653846153846 0.33774038461538464 0.03365384615384615 0.06971153846153846
1 0.5096153846153846 0.328125 0.040865384615384616 0.08413461538461539
1 0.3954326923076923 0.3389423076923077 0.04326923076923077 0.08413461538461539