1 0.5444711538461539 0.4182692307692308 0.09615384615384616 0.15384615384615385
1 0.8942307692307693 0.5072115384615384 0.12980769230769232 0.20432692307692307
1 0.7307692307692307 0.47716346153846156 0.11298076923076923 0.18028846153846154
1 0.48197115384615385 0.39903846153846156 0.07932692307692307 0.14423076923076922
1 0.9663461538461539 0.45072115384615385 0.0673076923076923 0.14182692307692307
1 0.4230769230769231 0.375 0.08173076923076923 0.15384615384615385
1 0.3858173076923077 0.37259615384615385 0.07692307692307693 0.15865384615384615
1 0.3088942307692308 0.39663461538461536 0.06490384615384616 0.11778846153846154
1 0.7283653846153846 0.47836538461538464 0.11538461538461539 0.1658653846153846
1 0.7608173076923077 0.3918269230769231 0.07692307692307693 0.1201923076923077
1 0.8064903846153846 0.4326923076923077 0.06971153846153846 0.11538461538461539
1 0.9387019230769231 0.5204326923076923 0.08653846153846154 0.17307692307692307