1 0.9134615384615384 0.3173076923076923 0.13701923076923078 0.28125
1 0.2548076923076923 0.32211538461538464 0.08173076923076923 0.17548076923076922
1 0.5504807692307693 0.3605769230769231 0.10817307692307693 0.18269230769230768
1 0.3858173076923077 0.3389423076923077 0.09134615384615384 0.19951923076923078
1 0.1502403846153846 0.3581730769230769 0.0625 0.13701923076923078
1 0.7620192307692307 0.34134615384615385 0.06490384615384616 0.19230769230769232
1 0.6838942307692307 0.3293269230769231 0.08413461538461539 0.1971153846153846
1 0.06370192307692307 0.3713942307692308 0.11538461538461539 0.22115384615384615
1 0.5961538461538461 0.3918269230769231 0.055288461538461536 0.15144230769230768
1 0.11778846153846154 0.3918269230769231 0.0673076923076923 0.15625
1 0.29927884615384615 0.39783653846153844 0.06490384615384616 0.11057692307692307