1 0.5108173076923077 0.41586538461538464 0.07692307692307693 0.14182692307692307
1 0.8677884615384616 0.4495192307692308 0.10096153846153846 0.18990384615384615
1 0.703125 0.44471153846153844 0.08653846153846154 0.16826923076923078
1 0.44591346153846156 0.40625 0.057692307692307696 0.1346153846153846
1 0.9411057692307693 0.3798076923076923 0.0673076923076923 0.1346153846153846
1 0.38341346153846156 0.3918269230769231 0.057692307692307696 0.14423076923076922
1 0.3473557692307692 0.3954326923076923 0.052884615384615384 0.15144230769230768
1 0.27524038461538464 0.43149038461538464 0.04807692307692308 0.11057692307692307
1 0.7007211538461539 0.44591346153846156 0.09134615384615384 0.15144230769230768
1 0.71875 0.3557692307692308 0.06009615384615385 0.11057692307692307
1 0.7704326923076923 0.3894230769230769 0.052884615384615384 0.10817307692307693
1 0.9134615384615384 0.45552884615384615 0.06009615384615385 0.16346153846153846