1 0.5384615384615384 0.4182692307692308 0.09134615384615384 0.14423076923076922
1 0.8713942307692307 0.49759615384615385 0.1201923076923077 0.19230769230769232
1 0.7163461538461539 0.47115384615384615 0.10576923076923077 0.17067307692307693
1 0.47716346153846156 0.4014423076923077 0.07451923076923077 0.13701923076923078
1 0.9507211538461539 0.4411057692307692 0.08173076923076923 0.1346153846153846
1 0.41947115384615385 0.3786057692307692 0.07451923076923077 0.1466346153846154
1 0.3858173076923077 0.37740384615384615 0.07211538461538461 0.15144230769230768
1 0.3125 0.4014423076923077 0.06009615384615385 0.11057692307692307
1 0.7139423076923077 0.4723557692307692 0.10817307692307693 0.15625
1 0.7427884615384616 0.38822115384615385 0.07211538461538461 0.11298076923076923
1 0.7872596153846154 0.42788461538461536 0.06490384615384616 0.11057692307692307
1 0.9134615384615384 0.5096153846153846 0.07932692307692307 0.16346153846153846