1 0.828125 0.2956730769230769 0.15384615384615385 0.2692307692307692
1 0.23918269230769232 0.41466346153846156 0.09375 0.1658653846153846
1 0.5108173076923077 0.39903846153846156 0.11778846153846154 0.17548076923076922
1 0.359375 0.4074519230769231 0.10336538461538461 0.18990384615384615
1 0.15144230769230768 0.46634615384615385 0.07211538461538461 0.12980769230769232
1 0.6971153846153846 0.34375 0.07932692307692307 0.18028846153846154
1 0.625 0.34615384615384615 0.0985576923076923 0.18509615384615385
1 0.07692307692307693 0.49278846153846156 0.12740384615384615 0.21153846153846154
1 0.5576923076923077 0.4182692307692308 0.06490384615384616 0.14182692307692307
1 0.12860576923076922 0.5012019230769231 0.07692307692307693 0.1466346153846154
1 0.2920673076923077 0.47596153846153844 0.07211538461538461 0.10817307692307693