1 0.052884615384615384 0.5060096153846154 0.057692307692307696 0.10096153846153846
1 0.057692307692307696 0.1622596153846154 0.038461538461538464 0.07211538461538461
1 0.38822115384615385 0.016826923076923076 0.038461538461538464 0.021634615384615384
1 0.14903846153846154 0.31490384615384615 0.055288461538461536 0.07932692307692307
1 0.24158653846153846 0.1778846153846154 0.04567307692307692 0.07692307692307693
1 0.4543269230769231 0.2932692307692308 0.05048076923076923 0.07451923076923077
1 0.9771634615384616 0.6466346153846154 0.04567307692307692 0.09134615384615384
1 0.9254807692307693 0.38822115384615385 0.052884615384615384 0.09375
1 0.5913461538461539 0.2860576923076923 0.04807692307692308 0.07451923076923077
1 0.6165865384615384 0.14903846153846154 0.04807692307692308 0.07692307692307693
1 0.4723557692307692 0.24639423076923078 0.040865384615384616 0.06971153846153846