0 0.6911057692307693 0.2800480769230769 0.07211538461538461 0.1346153846153846
0 0.5372596153846154 0.23317307692307693 0.04567307692307692 0.12740384615384615
0 0.9122596153846154 0.3004807692307692 0.055288461538461536 0.10817307692307693
0 0.7415865384615384 0.25240384615384615 0.04326923076923077 0.10336538461538461
0 0.6550480769230769 0.26322115384615385 0.036057692307692304 0.06971153846153846
0 0.5120192307692307 0.24879807692307693 0.03125 0.08413461538461539
0 0.49158653846153844 0.2512019230769231 0.03365384615384615 0.07211538461538461
0 0.44471153846153844 0.24759615384615385 0.04326923076923077 0.09134615384615384
0 0.35697115384615385 0.24759615384615385 0.040865384615384616 0.07451923076923077
0 0.3112980769230769 0.2283653846153846 0.057692307692307696 0.11057692307692307
0 0.2800480769230769 0.19951923076923078 0.04567307692307692 0.10576923076923077