1 0.11899038461538461 0.5072115384615384 0.04807692307692308 0.09134615384615384
1 0.14543269230769232 0.19110576923076922 0.03125 0.06490384615384616
1 0.46033653846153844 0.056490384615384616 0.03365384615384615 0.0625
1 0.21875 0.33653846153846156 0.04567307692307692 0.07211538461538461
1 0.3137019230769231 0.21754807692307693 0.038461538461538464 0.0673076923076923
1 0.5036057692307693 0.33653846153846156 0.040865384615384616 0.06490384615384616
1 0.9747596153846154 0.7007211538461539 0.04807692307692308 0.08413461538461539
1 0.9350961538461539 0.45552884615384615 0.04326923076923077 0.08413461538461539
1 0.6310096153846154 0.3401442307692308 0.038461538461538464 0.06490384615384616
1 0.6646634615384616 0.21394230769230768 0.038461538461538464 0.0673076923076923
1 0.5240384615384616 0.29447115384615385 0.03365384615384615 0.0625