0 0.3161057692307692 0.28125 0.0625 0.125
0 0.46875 0.25721153846153844 0.036057692307692304 0.1201923076923077
0 0.10216346153846154 0.27163461538461536 0.04807692307692308 0.10096153846153846
0 0.27163461538461536 0.24879807692307693 0.036057692307692304 0.09615384615384616
0 0.35336538461538464 0.2704326923076923 0.03125 0.06490384615384616
0 0.49278846153846156 0.27524038461538464 0.02403846153846154 0.07932692307692307
0 0.5096153846153846 0.28125 0.026442307692307692 0.06971153846153846
0 0.5552884615384616 0.2848557692307692 0.036057692307692304 0.08653846153846154
0 0.6382211538461539 0.2956730769230769 0.03365384615384615 0.06971153846153846
0 0.6850961538461539 0.28365384615384615 0.04807692307692308 0.10336538461538461
0 0.71875 0.25841346153846156 0.036057692307692304 0.10096153846153846