1 0.2692307692307692 0.3401442307692308 0.06490384615384616 0.11298076923076923
1 0.4110576923076923 0.3581730769230769 0.06971153846153846 0.12740384615384615
1 0.20192307692307693 0.3233173076923077 0.057692307692307696 0.11778846153846154
1 0.6334134615384616 0.3557692307692308 0.06490384615384616 0.11538461538461539
1 0.53125 0.36538461538461536 0.05048076923076923 0.0985576923076923
1 0.32572115384615385 0.35096153846153844 0.04567307692307692 0.09615384615384616
1 0.6862980769230769 0.3870192307692308 0.05048076923076923 0.0985576923076923
1 0.7403846153846154 0.38221153846153844 0.04326923076923077 0.0889423076923077
1 0.5733173076923077 0.3737980769230769 0.03365384615384615 0.07211538461538461
1 0.47716346153846156 0.36658653846153844 0.038461538461538464 0.08413461538461539
1 0.3605769230769231 0.3798076923076923 0.040865384615384616 0.08413461538461539