1 0.7572115384615384 0.34375 0.09375 0.14423076923076922
1 0.0673076923076923 0.3954326923076923 0.09134615384615384 0.1346153846153846
1 0.2620192307692308 0.3641826923076923 0.08173076923076923 0.12980769230769232
1 0.6129807692307693 0.3629807692307692 0.0673076923076923 0.11298076923076923
1 0.9290865384615384 0.4206730769230769 0.06971153846153846 0.12259615384615384
1 0.4735576923076923 0.40024038461538464 0.036057692307692304 0.06971153846153846
1 0.5516826923076923 0.39663461538461536 0.04567307692307692 0.07932692307692307
1 0.5120192307692307 0.4266826923076923 0.03365384615384615 0.057692307692307696
1 0.6706730769230769 0.3762019230769231 0.04326923076923077 0.07932692307692307
1 0.8737980769230769 0.4110576923076923 0.057692307692307696 0.12259615384615384
1 0.8233173076923077 0.4098557692307692 0.057692307692307696 0.09375