1 0.7079326923076923 0.34134615384615385 0.07692307692307693 0.11538461538461539
1 0.5721153846153846 0.33533653846153844 0.08413461538461539 0.12980769230769232
1 0.7740384615384616 0.33774038461538464 0.06971153846153846 0.1201923076923077
1 0.3629807692307692 0.296875 0.07451923076923077 0.11778846153846154
1 0.4579326923076923 0.3233173076923077 0.06009615384615385 0.10096153846153846
1 0.6526442307692307 0.34375 0.055288461538461536 0.09615384615384616
1 0.3088942307692308 0.3161057692307692 0.06009615384615385 0.10096153846153846
1 0.25841346153846156 0.30528846153846156 0.052884615384615384 0.09134615384615384
1 0.4170673076923077 0.3233173076923077 0.040865384615384616 0.07211538461538461
1 0.5084134615384616 0.3317307692307692 0.04807692307692308 0.08413461538461539
1 0.6153846153846154 0.3641826923076923 0.05048076923076923 0.08413461538461539