0 0.8533653846153846 0.2644230769230769 0.11538461538461539 0.16826923076923078
0 0.2824519230769231 0.23918269230769232 0.0889423076923077 0.13701923076923078
0 0.9867788461538461 0.3329326923076923 0.026442307692307692 0.13221153846153846
0 0.21514423076923078 0.24639423076923078 0.0625 0.10336538461538461
0 0.6105769230769231 0.29927884615384615 0.0625 0.09615384615384616
0 0.9086538461538461 0.30649038461538464 0.06490384615384616 0.0985576923076923
0 0.46153846153846156 0.27283653846153844 0.06009615384615385 0.08653846153846154
0 0.6610576923076923 0.2608173076923077 0.06971153846153846 0.0985576923076923
0 0.5649038461538461 0.28125 0.04567307692307692 0.0625
0 0.3798076923076923 0.26802884615384615 0.05048076923076923 0.08653846153846154
0 0.3233173076923077 0.2512019230769231 0.05048076923076923 0.07451923076923077
0 0.16466346153846154 0.25961538461538464 0.06490384615384616 0.0985576923076923
0 0.04807692307692308 0.24158653846153846 0.05048076923076923 0.125
0 0.4050480769230769 0.2848557692307692 0.04326923076923077 0.06971153846153846