0 0.20072115384615385 0.21634615384615385 0.09375 0.15144230769230768
0 0.7512019230769231 0.25961538461538464 0.07211538461538461 0.125
0 0.037259615384615384 0.2668269230769231 0.0625 0.12259615384615384
0 0.8149038461538461 0.27403846153846156 0.05048076923076923 0.09375
0 0.42908653846153844 0.27884615384615385 0.04807692307692308 0.08653846153846154
0 0.14182692307692307 0.2512019230769231 0.052884615384615384 0.0889423076923077
0 0.5769230769230769 0.27163461538461536 0.05048076923076923 0.07692307692307693
0 0.38461538461538464 0.23677884615384615 0.057692307692307696 0.0889423076923077
0 0.47596153846153844 0.2668269230769231 0.038461538461538464 0.055288461538461536
0 0.6550480769230769 0.2764423076923077 0.038461538461538464 0.07932692307692307
0 0.7115384615384616 0.265625 0.040865384615384616 0.0673076923076923
0 0.8617788461538461 0.29447115384615385 0.052884615384615384 0.0889423076923077
0 0.9783653846153846 0.29086538461538464 0.036057692307692304 0.1201923076923077
0 0.6286057692307693 0.28966346153846156 0.03365384615384615 0.06490384615384616