1 0.6959134615384616 0.14903846153846154 0.09615384615384616 0.14423076923076922
1 0.08413461538461539 0.23076923076923078 0.06971153846153846 0.10096153846153846
1 0.9783653846153846 0.15985576923076922 0.04326923076923077 0.15625
1 0.4639423076923077 0.22355769230769232 0.06009615384615385 0.09375
1 0.3954326923076923 0.21033653846153846 0.07211538461538461 0.10096153846153846
1 0.5048076923076923 0.140625 0.038461538461538464 0.0625
1 0.28125 0.12139423076923077 0.040865384615384616 0.07692307692307693
1 0.16706730769230768 0.15625 0.057692307692307696 0.07692307692307693
1 0.19951923076923078 0.12259615384615384 0.040865384615384616 0.06971153846153846
1 0.4411057692307692 0.1466346153846154 0.028846153846153848 0.06490384615384616
1 0.14302884615384615 0.13701923076923078 0.038461538461538464 0.06971153846153846