1 0.36899038461538464 0.5252403846153846 0.14423076923076922 0.20192307692307693
0 0.04807692307692308 0.53125 0.09615384615384616 0.21634615384615385
0 0.21033653846153846 0.5360576923076923 0.11538461538461539 0.18509615384615385
0 0.01201923076923077 0.40865384615384615 0.02403846153846154 0.10096153846153846
0 0.6165865384615384 0.5444711538461539 0.04807692307692308 0.09375
0 0.7908653846153846 0.6598557692307693 0.07692307692307693 0.1201923076923077
1 0.7896634615384616 0.49158653846153844 0.02403846153846154 0.052884615384615384
0 0.7199519230769231 0.5697115384615384 0.04326923076923077 0.07692307692307693
0 0.7668269230769231 0.5805288461538461 0.052884615384615384 0.07211538461538461
0 0.90625 0.515625 0.036057692307692304 0.06971153846153846
0 0.8112980769230769 0.5204326923076923 0.03125 0.052884615384615384
0 0.7403846153846154 0.5084134615384616 0.028846153846153848 0.04807692307692308