0 0.8293269230769231 0.23197115384615385 0.10576923076923077 0.16105769230769232
0 0.26802884615384615 0.23677884615384615 0.08173076923076923 0.13221153846153846
0 0.9783653846153846 0.2920673076923077 0.04326923076923077 0.12740384615384615
0 0.20192307692307693 0.24759615384615385 0.057692307692307696 0.0985576923076923
0 0.59375 0.27884615384615385 0.055288461538461536 0.09134615384615384
0 0.8870192307692307 0.2704326923076923 0.06009615384615385 0.09615384615384616
0 0.44471153846153844 0.25961538461538464 0.057692307692307696 0.08173076923076923
0 0.640625 0.23798076923076922 0.06490384615384616 0.09615384615384616
0 0.5480769230769231 0.2644230769230769 0.040865384615384616 0.06009615384615385
0 0.36538461538461536 0.25961538461538464 0.04326923076923077 0.08413461538461539
0 0.3088942307692308 0.24519230769230768 0.04567307692307692 0.06971153846153846
0 0.15384615384615385 0.26322115384615385 0.06009615384615385 0.09615384615384616
0 0.037259615384615384 0.25240384615384615 0.04326923076923077 0.12259615384615384
0 0.3918269230769231 0.27524038461538464 0.038461538461538464 0.0673076923076923