1 0.5480769230769231 0.3449519230769231 0.07211538461538461 0.1346153846153846
1 0.10576923076923077 0.3798076923076923 0.0673076923076923 0.11057692307692307
1 0.23197115384615385 0.38221153846153844 0.06490384615384616 0.09375
0 0.4110576923076923 0.33052884615384615 0.08653846153846154 0.15144230769230768
0 0.8737980769230769 0.3641826923076923 0.09615384615384616 0.14903846153846154
0 0.671875 0.3894230769230769 0.08653846153846154 0.14903846153846154
0 0.6081730769230769 0.4050480769230769 0.052884615384615384 0.09615384615384616
0 0.8149038461538461 0.4074519230769231 0.06009615384615385 0.10817307692307693
0 0.7584134615384616 0.421875 0.04567307692307692 0.07211538461538461
0 0.47115384615384615 0.3954326923076923 0.04807692307692308 0.08413461538461539
1 0.3269230769230769 0.3942307692307692 0.06009615384615385 0.10817307692307693