1 0.5973557692307693 0.5649038461538461 0.18028846153846154 0.23076923076923078
0 0.9290865384615384 0.625 0.14182692307692307 0.2403846153846154
0 0.7584134615384616 0.6021634615384616 0.14903846153846154 0.2091346153846154
0 0.9819711538461539 0.5036057692307693 0.036057692307692304 0.10817307692307693
0 0.3401442307692308 0.5444711538461539 0.0625 0.10576923076923077
0 0.13942307692307693 0.6346153846153846 0.0985576923076923 0.1346153846153846
1 0.16826923076923078 0.46153846153846156 0.03125 0.057692307692307696
0 0.22716346153846154 0.5528846153846154 0.057692307692307696 0.08413461538461539
0 0.1778846153846154 0.5564903846153846 0.0673076923076923 0.08413461538461539
0 0.04447115384615385 0.4675480769230769 0.04807692307692308 0.07692307692307693
0 0.14182692307692307 0.4879807692307692 0.040865384615384616 0.06009615384615385
0 0.21634615384615385 0.48677884615384615 0.038461538461538464 0.052884615384615384