1 0.16105769230769232 0.1201923076923077 0.08413461538461539 0.14423076923076922
1 0.6141826923076923 0.052884615384615384 0.10817307692307693 0.10576923076923077
1 0.07091346153846154 0.14783653846153846 0.14182692307692307 0.23317307692307693
1 0.78125 0.06370192307692307 0.10096153846153846 0.12740384615384615
1 0.546875 0.6478365384615384 0.07692307692307693 0.11298076923076923
1 0.7415865384615384 0.052884615384615384 0.07451923076923077 0.10576923076923077
1 0.9651442307692307 0.37740384615384615 0.0673076923076923 0.17548076923076922
1 0.8858173076923077 0.040865384615384616 0.055288461538461536 0.08173076923076923
1 0.8245192307692307 0.04927884615384615 0.0625 0.0985576923076923
1 0.4735576923076923 0.2956730769230769 0.07451923076923077 0.10576923076923077
1 0.5492788461538461 0.2860576923076923 0.057692307692307696 0.10576923076923077