1 0.28846153846153844 0.11298076923076923 0.10817307692307693 0.15625
1 0.9411057692307693 0.16706730769230768 0.07211538461538461 0.11057692307692307
1 0.008413461538461538 0.14423076923076922 0.016826923076923076 0.16826923076923078
1 0.5408653846153846 0.17908653846153846 0.0673076923076923 0.10336538461538461
1 0.6117788461538461 0.1622596153846154 0.08173076923076923 0.11057692307692307
1 0.49278846153846156 0.09375 0.04326923076923077 0.06971153846153846
1 0.7295673076923077 0.0625 0.04807692307692308 0.08413461538461539
1 0.8521634615384616 0.09134615384615384 0.06490384615384616 0.08413461538461539
1 0.8161057692307693 0.05889423076923077 0.04807692307692308 0.07692307692307693
1 0.5588942307692307 0.09735576923076923 0.036057692307692304 0.07211538461538461
1 0.8762019230769231 0.07091346153846154 0.04567307692307692 0.07692307692307693