1 0.26802884615384615 0.16105769230769232 0.10336538461538461 0.14903846153846154
1 0.8882211538461539 0.19951923076923078 0.07692307692307693 0.10576923076923077
1 0.007211538461538462 0.1935096153846154 0.014423076923076924 0.15625
1 0.5072115384615384 0.21875 0.06490384615384616 0.0985576923076923
1 0.5733173076923077 0.20072115384615385 0.07932692307692307 0.10576923076923077
1 0.45913461538461536 0.13942307692307693 0.04326923076923077 0.06490384615384616
1 0.6814903846153846 0.1045673076923077 0.04567307692307692 0.07932692307692307
1 0.7992788461538461 0.1310096153846154 0.0625 0.08173076923076923
1 0.7644230769230769 0.09975961538461539 0.04567307692307692 0.07211538461538461
1 0.5228365384615384 0.140625 0.036057692307692304 0.0673076923076923
1 0.8221153846153846 0.11177884615384616 0.04326923076923077 0.07211538461538461