0 0.46634615384615385 0.23197115384615385 0.0889423076923077 0.1346153846153846
0 0.3858173076923077 0.24519230769230768 0.09134615384615384 0.15144230769230768
0 0.734375 0.3545673076923077 0.08173076923076923 0.12980769230769232
0 0.8966346153846154 0.3137019230769231 0.08653846153846154 0.15625
0 0.1971153846153846 0.25600961538461536 0.08173076923076923 0.14182692307692307
0 0.05889423076923077 0.19831730769230768 0.08173076923076923 0.13221153846153846
0 0.6201923076923077 0.2608173076923077 0.09134615384615384 0.15384615384615385
0 0.2548076923076923 0.21995192307692307 0.06971153846153846 0.12740384615384615
0 0.6802884615384616 0.29086538461538464 0.052884615384615384 0.0889423076923077
0 0.8341346153846154 0.27163461538461536 0.06490384615384616 0.10096153846153846
0 0.9927884615384616 0.3173076923076923 0.014423076923076924 0.09615384615384616