1 0.37740384615384615 0.5384615384615384 0.1658653846153846 0.22115384615384615
0 0.04927884615384615 0.5228365384615384 0.0985576923076923 0.23317307692307693
0 0.2091346153846154 0.5372596153846154 0.13701923076923078 0.20432692307692307
0 0.013221153846153846 0.3894230769230769 0.021634615384615384 0.10576923076923077
0 0.6346153846153846 0.5757211538461539 0.055288461538461536 0.10336538461538461
0 0.8100961538461539 0.7103365384615384 0.0889423076923077 0.13221153846153846
1 0.8221153846153846 0.5348557692307693 0.028846153846153848 0.057692307692307696
0 0.7427884615384616 0.609375 0.052884615384615384 0.08173076923076923
0 0.7908653846153846 0.625 0.06009615384615385 0.07932692307692307
0 0.9423076923076923 0.5673076923076923 0.04326923076923077 0.07692307692307693
0 0.8425480769230769 0.5649038461538461 0.038461538461538464 0.057692307692307696
0 0.7692307692307693 0.546875 0.03365384615384615 0.05048076923076923