1 0.5168269230769231 0.3449519230769231 0.06971153846153846 0.13701923076923078
1 0.0673076923076923 0.43028846153846156 0.06490384615384616 0.11298076923076923
1 0.19591346153846154 0.4182692307692308 0.0625 0.09375
0 0.37259615384615385 0.3473557692307692 0.08413461538461539 0.15384615384615385
0 0.8497596153846154 0.3317307692307692 0.09375 0.15144230769230768
0 0.6478365384615384 0.3786057692307692 0.08413461538461539 0.15144230769230768
0 0.5829326923076923 0.4014423076923077 0.05048076923076923 0.09615384615384616
0 0.7956730769230769 0.3798076923076923 0.057692307692307696 0.10817307692307693
0 0.7391826923076923 0.4014423076923077 0.04567307692307692 0.07211538461538461
0 0.4423076923076923 0.40625 0.04567307692307692 0.08413461538461539
1 0.29447115384615385 0.41947115384615385 0.06009615384615385 0.10817307692307693