1 0.7944711538461539 0.1466346153846154 0.08653846153846154 0.14423076923076922
1 0.34975961538461536 0.06370192307692307 0.11298076923076923 0.12740384615384615
1 0.8918269230769231 0.1622596153846154 0.16105769230769232 0.25721153846153844
1 0.18629807692307693 0.07211538461538461 0.10336538461538461 0.14423076923076922
1 0.4074519230769231 0.6598557692307693 0.07692307692307693 0.11298076923076923
1 0.22596153846153846 0.0625 0.07692307692307693 0.125
1 0.018028846153846152 0.38822115384615385 0.03365384615384615 0.16826923076923078
1 0.08533653846153846 0.04807692307692308 0.055288461538461536 0.09615384615384616
1 0.14423076923076922 0.06009615384615385 0.06490384615384616 0.11298076923076923
1 0.4855769230769231 0.31490384615384615 0.07451923076923077 0.10576923076923077
1 0.4110576923076923 0.3016826923076923 0.057692307692307696 0.10336538461538461