1 0.47596153846153844 0.3737980769230769 0.06490384615384616 0.12980769230769232
1 0.90625 0.44591346153846156 0.06009615384615385 0.10576923076923077
1 0.7824519230769231 0.4375 0.06009615384615385 0.0889423076923077
0 0.6117788461538461 0.37259615384615385 0.07692307692307693 0.14423076923076922
0 0.15625 0.36538461538461536 0.08653846153846154 0.14182692307692307
0 0.35096153846153844 0.4074519230769231 0.07692307692307693 0.14182692307692307
0 0.41225961538461536 0.4266826923076923 0.04807692307692308 0.09134615384615384
0 0.2091346153846154 0.41225961538461536 0.052884615384615384 0.10336538461538461
0 0.26322115384615385 0.43028846153846156 0.040865384615384616 0.0673076923076923
0 0.546875 0.42908653846153844 0.04326923076923077 0.07932692307692307
1 0.6887019230769231 0.4411057692307692 0.055288461538461536 0.10336538461538461