1 0.025240384615384616 0.38822115384615385 0.04807692307692308 0.11057692307692307
1 0.546875 0.5973557692307693 0.06971153846153846 0.10576923076923077
1 0.6923076923076923 0.6802884615384616 0.07211538461538461 0.10576923076923077
1 0.21995192307692307 0.6225961538461539 0.057692307692307696 0.0985576923076923
1 0.9579326923076923 0.4170673076923077 0.04326923076923077 0.06971153846153846
1 0.7079326923076923 0.40865384615384615 0.038461538461538464 0.052884615384615384
1 0.6514423076923077 0.3762019230769231 0.038461538461538464 0.06490384615384616
1 0.296875 0.5949519230769231 0.06490384615384616 0.0985576923076923
1 0.09495192307692307 0.5829326923076923 0.0625 0.08413461538461539
1 0.33052884615384615 0.4855769230769231 0.036057692307692304 0.052884615384615384
1 0.4651442307692308 0.3954326923076923 0.036057692307692304 0.052884615384615384
1 0.1971153846153846 0.47596153846153844 0.036057692307692304 0.057692307692307696