1 0.8701923076923077 0.43028846153846156 0.07932692307692307 0.1201923076923077
1 0.6274038461538461 0.4579326923076923 0.04567307692307692 0.0889423076923077
1 0.8076923076923077 0.4639423076923077 0.057692307692307696 0.09615384615384616
1 0.7728365384615384 0.46274038461538464 0.04326923076923077 0.09375
1 0.7247596153846154 0.4579326923076923 0.05048076923076923 0.0985576923076923
0 0.6911057692307693 0.48197115384615385 0.04807692307692308 0.07932692307692307
1 0.5961538461538461 0.4519230769230769 0.036057692307692304 0.08173076923076923
0 0.5685096153846154 0.4495192307692308 0.036057692307692304 0.06971153846153846
0 0.4266826923076923 0.42427884615384615 0.038461538461538464 0.06971153846153846
0 0.125 0.3762019230769231 0.055288461538461536 0.09375
0 0.2283653846153846 0.38100961538461536 0.05048076923076923 0.07692307692307693
0 0.3545673076923077 0.4326923076923077 0.05048076923076923 0.08653846153846154
0 0.3233173076923077 0.3942307692307692 0.04807692307692308 0.07451923076923077
0 0.39663461538461536 0.41466346153846156 0.04326923076923077 0.07692307692307693
0 0.44711538461538464 0.42788461538461536 0.03365384615384615 0.06009615384615385