1 0.16826923076923078 0.6081730769230769 0.08173076923076923 0.11298076923076923
0 0.6442307692307693 0.4795673076923077 0.0625 0.0985576923076923
0 0.7524038461538461 0.4375 0.0625 0.09134615384615384
0 0.9302884615384616 0.47596153846153844 0.13942307692307693 0.3894230769230769
0 0.8569711538461539 0.4254807692307692 0.052884615384615384 0.09375
0 0.6947115384615384 0.47596153846153844 0.057692307692307696 0.09375
0 0.5228365384615384 0.4735576923076923 0.04326923076923077 0.06490384615384616
0 0.5180288461538461 0.5180288461538461 0.06009615384615385 0.07692307692307693
0 0.36177884615384615 0.5865384615384616 0.057692307692307696 0.0673076923076923
0 0.28846153846153844 0.5829326923076923 0.0625 0.07692307692307693
0 0.04447115384615385 0.5709134615384616 0.05048076923076923 0.06971153846153846