0 0.03125 0.26322115384615385 0.0625 0.12740384615384615
0 0.34615384615384615 0.38100961538461536 0.055288461538461536 0.09134615384615384
0 0.13942307692307693 0.3088942307692308 0.05048076923076923 0.08173076923076923
0 0.046875 0.3088942307692308 0.04807692307692308 0.08653846153846154
0 0.29447115384615385 0.29927884615384615 0.038461538461538464 0.0673076923076923
0 0.36177884615384615 0.2848557692307692 0.04807692307692308 0.0625
0 0.46153846153846156 0.33653846153846156 0.038461538461538464 0.0673076923076923
0 0.4567307692307692 0.2848557692307692 0.038461538461538464 0.0625
0 0.5048076923076923 0.3125 0.04807692307692308 0.07211538461538461
0 0.5901442307692307 0.30408653846153844 0.028846153846153848 0.07211538461538461
0 0.6502403846153846 0.3137019230769231 0.04326923076923077 0.07932692307692307
0 0.7235576923076923 0.2764423076923077 0.055288461538461536 0.09615384615384616
0 0.8413461538461539 0.3161057692307692 0.038461538461538464 0.0625