1 0.9471153846153846 0.40865384615384615 0.0673076923076923 0.12740384615384615
1 0.8185096153846154 0.3786057692307692 0.06490384615384616 0.13221153846153846
1 0.6646634615384616 0.3737980769230769 0.0673076923076923 0.13701923076923078
1 0.7007211538461539 0.4519230769230769 0.05048076923076923 0.10576923076923077
1 0.5925480769230769 0.44591346153846156 0.05048076923076923 0.11538461538461539
1 0.5492788461538461 0.37740384615384615 0.0673076923076923 0.11778846153846154
1 0.5060096153846154 0.39302884615384615 0.05048076923076923 0.11057692307692307
1 0.453125 0.4423076923076923 0.04807692307692308 0.10576923076923077
1 0.4170673076923077 0.41225961538461536 0.0625 0.11778846153846154
1 0.3641826923076923 0.36538461538461536 0.040865384615384616 0.10576923076923077
1 0.33533653846153844 0.390625 0.057692307692307696 0.125
1 0.28966346153846156 0.3545673076923077 0.0625 0.13701923076923078
1 0.18629807692307693 0.3798076923076923 0.055288461538461536 0.10817307692307693
1 0.046875 0.35697115384615385 0.07211538461538461 0.14182692307692307