1 0.9507211538461539 0.39903846153846156 0.052884615384615384 0.12980769230769232
1 0.8100961538461539 0.3870192307692308 0.04807692307692308 0.1346153846153846
1 0.6478365384615384 0.4050480769230769 0.052884615384615384 0.13942307692307693
1 0.6971153846153846 0.48197115384615385 0.038461538461538464 0.10817307692307693
1 0.5829326923076923 0.49278846153846156 0.038461538461538464 0.1201923076923077
1 0.5264423076923077 0.4254807692307692 0.057692307692307696 0.1201923076923077
1 0.484375 0.4483173076923077 0.038461538461538464 0.11298076923076923
1 0.43509615384615385 0.5072115384615384 0.038461538461538464 0.10817307692307693
1 0.3918269230769231 0.48197115384615385 0.04807692307692308 0.1201923076923077
1 0.33052884615384615 0.4411057692307692 0.028846153846153848 0.10817307692307693
1 0.30288461538461536 0.47115384615384615 0.04326923076923077 0.12980769230769232
1 0.25 0.4411057692307692 0.04807692307692308 0.13942307692307693
1 0.14543269230769232 0.48197115384615385 0.04326923076923077 0.10817307692307693
1 0.010817307692307692 0.4795673076923077 0.021634615384615384 0.14423076923076922