0 0.8882211538461539 0.16706730769230768 0.0985576923076923 0.13701923076923078
0 0.59375 0.33533653846153844 0.06971153846153846 0.09615384615384616
0 0.7848557692307693 0.23076923076923078 0.0625 0.0889423076923077
0 0.8725961538461539 0.21394230769230768 0.0625 0.09375
0 0.6310096153846154 0.24759615384615385 0.05048076923076923 0.07211538461538461
0 0.5625 0.24519230769230768 0.057692307692307696 0.06971153846153846
0 0.4735576923076923 0.3112980769230769 0.05048076923076923 0.07211538461538461
0 0.4699519230769231 0.2608173076923077 0.05048076923076923 0.0673076923076923
0 0.42788461538461536 0.2956730769230769 0.057692307692307696 0.07692307692307693
0 0.34134615384615385 0.3016826923076923 0.040865384615384616 0.07451923076923077
0 0.2860576923076923 0.32211538461538464 0.055288461538461536 0.08413461538461539
0 0.20673076923076922 0.29927884615384615 0.06971153846153846 0.10336538461538461
0 0.0985576923076923 0.3581730769230769 0.04807692307692308 0.0673076923076923