1 0.17548076923076922 0.40024038461538464 0.07932692307692307 0.125
1 0.4206730769230769 0.46875 0.04567307692307692 0.09375
1 0.23557692307692307 0.44711538461538464 0.057692307692307696 0.10096153846153846
1 0.2704326923076923 0.45072115384615385 0.04326923076923077 0.09615384615384616
1 0.31971153846153844 0.453125 0.05048076923076923 0.10336538461538461
0 0.35096153846153844 0.48197115384615385 0.04807692307692308 0.08413461538461539
1 0.453125 0.4675480769230769 0.036057692307692304 0.08653846153846154
0 0.48197115384615385 0.4699519230769231 0.036057692307692304 0.07211538461538461
0 0.6310096153846154 0.4675480769230769 0.040865384615384616 0.07211538461538461
0 0.9507211538461539 0.4675480769230769 0.055288461538461536 0.09615384615384616
0 0.8425480769230769 0.45552884615384615 0.052884615384615384 0.07932692307692307
0 0.7043269230769231 0.4879807692307692 0.052884615384615384 0.09134615384615384
0 0.7427884615384616 0.453125 0.04807692307692308 0.07692307692307693
0 0.6634615384615384 0.46274038461538464 0.04326923076923077 0.07932692307692307
0 0.6105769230769231 0.46634615384615385 0.03365384615384615 0.0625