1 0.9050480769230769 0.2860576923076923 0.06971153846153846 0.13221153846153846
1 0.7692307692307693 0.2956730769230769 0.0673076923076923 0.1346153846153846
1 0.6177884615384616 0.33653846153846156 0.07211538461538461 0.14182692307692307
1 0.6766826923076923 0.40384615384615385 0.055288461538461536 0.10817307692307693
1 0.5697115384615384 0.43028846153846156 0.052884615384615384 0.1201923076923077
1 0.5060096153846154 0.375 0.07211538461538461 0.12259615384615384
1 0.46875 0.40384615384615385 0.052884615384615384 0.11538461538461539
1 0.43149038461538464 0.46875 0.052884615384615384 0.10817307692307693
1 0.3858173076923077 0.4495192307692308 0.06490384615384616 0.1201923076923077
1 0.32211538461538464 0.41947115384615385 0.04567307692307692 0.10817307692307693
1 0.3004807692307692 0.4543269230769231 0.06009615384615385 0.12980769230769232
1 0.24639423076923078 0.43149038461538464 0.06490384615384616 0.13942307692307693
1 0.15264423076923078 0.48677884615384615 0.057692307692307696 0.11057692307692307
1 0.02283653846153846 0.5048076923076923 0.04567307692307692 0.14423076923076922