1 0.9747596153846154 0.43149038461538464 0.05048076923076923 0.11298076923076923
1 0.42788461538461536 0.59375 0.07211538461538461 0.10817307692307693
1 0.27524038461538464 0.6634615384615384 0.07451923076923077 0.10817307692307693
1 0.7560096153846154 0.6466346153846154 0.0625 0.10096153846153846
1 0.030048076923076924 0.375 0.04567307692307692 0.06971153846153846
1 0.2824519230769231 0.38822115384615385 0.040865384615384616 0.052884615384615384
1 0.3425480769230769 0.36177884615384615 0.040865384615384616 0.06490384615384616
1 0.6802884615384616 0.6129807692307693 0.0673076923076923 0.10096153846153846
1 0.8858173076923077 0.6189903846153846 0.06490384615384616 0.08653846153846154
1 0.65625 0.5 0.036057692307692304 0.055288461538461536
1 0.5300480769230769 0.39663461538461536 0.036057692307692304 0.055288461538461536
1 0.7920673076923077 0.5024038461538461 0.036057692307692304 0.057692307692307696