1 0.8521634615384616 0.6033653846153846 0.0889423076923077 0.11778846153846154
0 0.375 0.44591346153846156 0.06971153846153846 0.10336538461538461
0 0.265625 0.39663461538461536 0.0673076923076923 0.09615384615384616
0 0.08173076923076923 0.42427884615384615 0.16346153846153846 0.4014423076923077
0 0.15985576923076922 0.3798076923076923 0.057692307692307696 0.09615384615384616
0 0.32211538461538464 0.43990384615384615 0.0625 0.0985576923076923
0 0.49759615384615385 0.44591346153846156 0.04567307692307692 0.0673076923076923
0 0.5012019230769231 0.49158653846153844 0.06490384615384616 0.08173076923076923
0 0.6550480769230769 0.5709134615384616 0.0625 0.06971153846153846
0 0.7307692307692307 0.5709134615384616 0.06490384615384616 0.08173076923076923
0 0.9771634615384616 0.5709134615384616 0.04567307692307692 0.07211538461538461