1 0.8341346153846154 0.36538461538461536 0.06971153846153846 0.11298076923076923
1 0.609375 0.4206730769230769 0.038461538461538464 0.08413461538461539
1 0.7776442307692307 0.40625 0.05048076923076923 0.09134615384615384
1 0.7451923076923077 0.40865384615384615 0.038461538461538464 0.08653846153846154
1 0.6995192307692307 0.4098557692307692 0.04326923076923077 0.09375
0 0.671875 0.4362980769230769 0.040865384615384616 0.07451923076923077
1 0.5793269230769231 0.41947115384615385 0.03125 0.07692307692307693
0 0.5528846153846154 0.41947115384615385 0.03125 0.06490384615384616
0 0.41466346153846156 0.41225961538461536 0.03365384615384615 0.06490384615384616
0 0.125 0.4026442307692308 0.04807692307692308 0.08653846153846154
0 0.22355769230769232 0.3942307692307692 0.04567307692307692 0.07211538461538461
0 0.3485576923076923 0.42788461538461536 0.04567307692307692 0.08173076923076923
0 0.31490384615384615 0.3954326923076923 0.040865384615384616 0.06971153846153846
0 0.3858173076923077 0.4074519230769231 0.038461538461538464 0.07211538461538461
0 0.4338942307692308 0.41346153846153844 0.028846153846153848 0.055288461538461536