1 0.8317307692307693 0.578125 0.07451923076923077 0.10817307692307693
0 0.35096153846153844 0.4831730769230769 0.057692307692307696 0.09375
0 0.23918269230769232 0.4483173076923077 0.057692307692307696 0.08653846153846154
0 0.06129807692307692 0.4987980769230769 0.12259615384615384 0.38221153846153844
0 0.1346153846153846 0.4423076923076923 0.04567307692307692 0.09134615384615384
0 0.29927884615384615 0.4831730769230769 0.05048076923076923 0.09134615384615384
0 0.47115384615384615 0.46875 0.038461538461538464 0.0625
0 0.4795673076923077 0.5108173076923077 0.052884615384615384 0.07211538461538461
0 0.6382211538461539 0.5697115384615384 0.052884615384615384 0.0625
0 0.7103365384615384 0.5600961538461539 0.057692307692307696 0.07211538461538461
0 0.9519230769230769 0.53125 0.04567307692307692 0.0673076923076923