1 0.07692307692307693 0.48677884615384615 0.07692307692307693 0.11298076923076923
1 0.6189903846153846 0.59375 0.07692307692307693 0.10817307692307693
1 0.7680288461538461 0.6466346153846154 0.07932692307692307 0.10817307692307693
1 0.3125 0.6706730769230769 0.06490384615384616 0.10096153846153846
1 0.9699519230769231 0.3545673076923077 0.036057692307692304 0.0673076923076923
1 0.7391826923076923 0.3870192307692308 0.04326923076923077 0.052884615384615384
1 0.6802884615384616 0.36658653846153844 0.04326923076923077 0.06490384615384616
1 0.38100961538461536 0.6334134615384616 0.07211538461538461 0.10096153846153846
1 0.1875 0.6550480769230769 0.0673076923076923 0.08653846153846154
1 0.03125 0.4891826923076923 0.0625 0.09375
1 0.3954326923076923 0.5228365384615384 0.038461538461538464 0.055288461538461536
1 0.5060096153846154 0.41586538461538464 0.038461538461538464 0.055288461538461536
1 0.265625 0.5372596153846154 0.040865384615384616 0.057692307692307696