0 0.2932692307692308 0.37259615384615385 0.06490384615384616 0.0985576923076923
0 0.07211538461538461 0.3112980769230769 0.057692307692307696 0.0889423076923077
0 0.23317307692307693 0.28966346153846156 0.04807692307692308 0.07451923076923077
0 0.30288461538461536 0.2704326923076923 0.055288461538461536 0.0673076923076923
0 0.4098557692307692 0.3161057692307692 0.04807692307692308 0.07451923076923077
0 0.4026442307692308 0.26322115384615385 0.04567307692307692 0.0673076923076923
0 0.4543269230769231 0.28846153846153844 0.052884615384615384 0.07692307692307693
0 0.5444711538461539 0.27283653846153844 0.036057692307692304 0.07692307692307693
0 0.6057692307692307 0.27884615384615385 0.05048076923076923 0.08653846153846154
0 0.6814903846153846 0.23557692307692307 0.06490384615384616 0.10576923076923077
0 0.8076923076923077 0.26802884615384615 0.04326923076923077 0.0673076923076923