1 0.35697115384615385 0.7716346153846154 0.09134615384615384 0.08173076923076923
1 0.6706730769230769 0.7427884615384616 0.057692307692307696 0.052884615384615384
1 0.5612980769230769 0.7632211538461539 0.04567307692307692 0.052884615384615384
1 0.44471153846153844 0.2920673076923077 0.040865384615384616 0.03365384615384615
0 0.90625 0.7307692307692307 0.038461538461538464 0.028846153846153848
0 0.7836538461538461 0.7415865384615384 0.03365384615384615 0.026442307692307692
0 0.9591346153846154 0.7139423076923077 0.03365384615384615 0.028846153846153848
0 0.8449519230769231 0.7403846153846154 0.03125 0.02403846153846154
0 0.8701923076923077 0.7211538461538461 0.026442307692307692 0.021634615384615384
0 0.8052884615384616 0.7307692307692307 0.028846153846153848 0.02403846153846154
0 0.7536057692307693 0.7331730769230769 0.028846153846153848 0.028846153846153848
0 0.7259615384615384 0.7283653846153846 0.038461538461538464 0.028846153846153848
0 0.53125 0.7367788461538461 0.03365384615384615 0.019230769230769232
0 0.4423076923076923 0.7427884615384616 0.028846153846153848 0.026442307692307692
0 0.19591346153846154 0.7512019230769231 0.03125 0.02403846153846154
0 0.5805288461538461 0.7367788461538461 0.026442307692307692 0.021634615384615384