1 0.9519230769230769 0.39302884615384615 0.09615384615384616 0.28125
1 0.8713942307692307 0.4519230769230769 0.21634615384615385 0.3004807692307692
1 0.7872596153846154 0.4266826923076923 0.09615384615384616 0.21153846153846154
1 0.6658653846153846 0.47716346153846156 0.06971153846153846 0.12740384615384615
1 0.6334134615384616 0.4579326923076923 0.08653846153846154 0.14903846153846154
1 0.5877403846153846 0.4230769230769231 0.11538461538461539 0.16826923076923078
1 0.515625 0.25841346153846156 0.20673076923076922 0.31009615384615385
1 0.31490384615384615 0.3269230769230769 0.15144230769230768 0.20432692307692307
1 0.20793269230769232 0.19831730769230768 0.1778846153846154 0.29086538461538464
1 0.0889423076923077 0.30649038461538464 0.125 0.18990384615384615
1 0.04927884615384615 0.28365384615384615 0.0673076923076923 0.17548076923076922