1 0.84375 0.2956730769230769 0.18990384615384615 0.34615384615384615
1 0.15865384615384615 0.35216346153846156 0.1971153846153846 0.35336538461538464
1 0.5036057692307693 0.2800480769230769 0.0673076923076923 0.1346153846153846
1 0.3629807692307692 0.2668269230769231 0.08653846153846154 0.17548076923076922
1 0.29447115384615385 0.2536057692307692 0.12740384615384615 0.2091346153846154
1 0.43990384615384615 0.2644230769230769 0.057692307692307696 0.11778846153846154
1 0.5973557692307693 0.28365384615384615 0.055288461538461536 0.10576923076923077
1 0.5600961538461539 0.2620192307692308 0.04807692307692308 0.10336538461538461
1 0.6766826923076923 0.22956730769230768 0.052884615384615384 0.09615384615384616
0 0.7175480769230769 0.2692307692307692 0.07692307692307693 0.15384615384615385
0 0.020432692307692308 0.3137019230769231 0.040865384615384616 0.09375