1 0.5985576923076923 0.8125 0.10576923076923077 0.0985576923076923
1 0.27524038461538464 0.7367788461538461 0.0673076923076923 0.0625
1 0.38461538461538464 0.7740384615384616 0.055288461538461536 0.0625
1 0.5769230769230769 0.296875 0.04807692307692308 0.040865384615384616
0 0.028846153846153848 0.6887019230769231 0.04326923076923077 0.03365384615384615
0 0.15625 0.71875 0.040865384615384616 0.03365384615384615
0 0.09254807692307693 0.7079326923076923 0.036057692307692304 0.028846153846153848
0 0.06850961538461539 0.6838942307692307 0.03125 0.026442307692307692
0 0.1346153846153846 0.703125 0.03365384615384615 0.03125
0 0.18870192307692307 0.7139423076923077 0.03365384615384615 0.03365384615384615
0 0.21875 0.7127403846153846 0.04326923076923077 0.036057692307692304
0 0.4206730769230769 0.7512019230769231 0.038461538461538464 0.02403846153846154
0 0.5120192307692307 0.7704326923076923 0.03365384615384615 0.03125
0 0.7692307692307693 0.8149038461538461 0.036057692307692304 0.028846153846153848
0 0.36899038461538464 0.7439903846153846 0.03125 0.026442307692307692