1 0.0733173076923077 0.4050480769230769 0.1466346153846154 0.2620192307692308
1 0.17668269230769232 0.4579326923076923 0.19471153846153846 0.2764423076923077
1 0.2548076923076923 0.43509615384615385 0.08653846153846154 0.19471153846153846
1 0.36658653846153844 0.484375 0.0625 0.11538461538461539
1 0.39663461538461536 0.4675480769230769 0.07692307692307693 0.13701923076923078
1 0.43990384615384615 0.43509615384615385 0.10576923076923077 0.15384615384615385
1 0.5084134615384616 0.2848557692307692 0.1875 0.2860576923076923
1 0.6947115384615384 0.35096153846153844 0.13701923076923078 0.1875
1 0.7956730769230769 0.234375 0.16105769230769232 0.2668269230769231
1 0.9038461538461539 0.33533653846153844 0.11298076923076923 0.17548076923076922
1 0.9495192307692307 0.31490384615384615 0.07451923076923077 0.1658653846153846