1 0.08052884615384616 0.3389423076923077 0.16105769230769232 0.375
1 0.7980769230769231 0.33774038461538464 0.21875 0.38461538461538464
1 0.4230769230769231 0.2932692307692308 0.07451923076923077 0.1466346153846154
1 0.5709134615384616 0.2668269230769231 0.09615384615384616 0.19230769230769232
1 0.6430288461538461 0.24519230769230768 0.14182692307692307 0.2283653846153846
1 0.4879807692307692 0.2704326923076923 0.06490384615384616 0.12980769230769232
1 0.32091346153846156 0.3076923076923077 0.06009615384615385 0.11538461538461539
1 0.359375 0.27884615384615385 0.055288461538461536 0.11298076923076923
1 0.23076923076923078 0.2548076923076923 0.057692307692307696 0.10576923076923077
0 0.18990384615384615 0.3016826923076923 0.08653846153846154 0.16826923076923078
0 0.9519230769230769 0.28365384615384615 0.0673076923076923 0.10096153846153846