1 0.17908653846153846 0.25600961538461536 0.22355769230769232 0.3557692307692308
1 0.8389423076923077 0.390625 0.23317307692307693 0.3629807692307692
1 0.5120192307692307 0.2800480769230769 0.08173076923076923 0.13701923076923078
1 0.6490384615384616 0.2848557692307692 0.10576923076923077 0.18028846153846154
1 0.71875 0.2800480769230769 0.14903846153846154 0.21634615384615385
1 0.5745192307692307 0.27283653846153844 0.06971153846153846 0.1201923076923077
1 0.4206730769230769 0.27283653846153844 0.06490384615384616 0.10817307692307693
1 0.4579326923076923 0.25600961538461536 0.06009615384615385 0.10336538461538461
1 0.3485576923076923 0.21033653846153846 0.0625 0.0985576923076923
0 0.30288461538461536 0.2439903846153846 0.09375 0.15625
0 0.9747596153846154 0.37259615384615385 0.05048076923076923 0.09615384615384616