0 0.1502403846153846 0.5204326923076923 0.10336538461538461 0.18028846153846154
0 0.6514423076923077 0.5625 0.09134615384615384 0.1346153846153846
0 0.47115384615384615 0.5576923076923077 0.0985576923076923 0.1466346153846154
0 0.765625 0.5552884615384616 0.08173076923076923 0.13221153846153846
0 0.26802884615384615 0.4567307692307692 0.0673076923076923 0.10336538461538461
0 0.10336538461538461 0.5192307692307693 0.09615384615384616 0.15384615384615385
0 0.8677884615384616 0.5396634615384616 0.07692307692307693 0.11298076923076923
0 0.3786057692307692 0.4807692307692308 0.057692307692307696 0.09615384615384616
0 0.6430288461538461 0.4206730769230769 0.04807692307692308 0.06971153846153846
0 0.5769230769230769 0.49399038461538464 0.05048076923076923 0.08653846153846154
0 0.4879807692307692 0.4807692307692308 0.052884615384615384 0.07211538461538461