0 0.8353365384615384 0.5901442307692307 0.0889423076923077 0.1658653846153846
0 0.359375 0.5552884615384616 0.07932692307692307 0.125
0 0.5300480769230769 0.5769230769230769 0.08653846153846154 0.13701923076923078
0 0.2536057692307692 0.53125 0.07211538461538461 0.12259615384615384
0 0.7355769230769231 0.5120192307692307 0.057692307692307696 0.09615384615384616
0 0.8798076923076923 0.5961538461538461 0.08173076923076923 0.14182692307692307
0 0.16105769230769232 0.5024038461538461 0.0673076923076923 0.10336538461538461
0 0.6274038461538461 0.5192307692307693 0.05048076923076923 0.08653846153846154
0 0.3894230769230769 0.4230769230769231 0.040865384615384616 0.0625
0 0.4411057692307692 0.5012019230769231 0.04567307692307692 0.07932692307692307
0 0.5252403846153846 0.5024038461538461 0.04567307692307692 0.0673076923076923