0 0.859375 0.6153846153846154 0.10096153846153846 0.17307692307692307
0 0.3798076923076923 0.5552884615384616 0.08653846153846154 0.12740384615384615
0 0.5504807692307693 0.5853365384615384 0.09375 0.14182692307692307
0 0.27403846153846156 0.5240384615384616 0.07932692307692307 0.12740384615384615
0 0.7608173076923077 0.53125 0.0625 0.0985576923076923
0 0.9026442307692307 0.6225961538461539 0.09134615384615384 0.14903846153846154
0 0.1814903846153846 0.49038461538461536 0.07211538461538461 0.10817307692307693
0 0.6526442307692307 0.53125 0.057692307692307696 0.09134615384615384
0 0.4170673076923077 0.421875 0.04567307692307692 0.0673076923076923
0 0.4651442307692308 0.5036057692307693 0.05048076923076923 0.08173076923076923
0 0.5492788461538461 0.5096153846153846 0.05048076923076923 0.06971153846153846