1 0.40024038461538464 0.7836538461538461 0.0985576923076923 0.09134615384615384
1 0.7079326923076923 0.7151442307692307 0.0625 0.057692307692307696
1 0.6033653846153846 0.75 0.05048076923076923 0.057692307692307696
1 0.42908653846153844 0.296875 0.04567307692307692 0.038461538461538464
0 0.9399038461538461 0.6742788461538461 0.040865384615384616 0.03125
0 0.8209134615384616 0.7019230769230769 0.038461538461538464 0.03125
0 0.9867788461538461 0.6526442307692307 0.026442307692307692 0.03125
0 0.8822115384615384 0.6923076923076923 0.03365384615384615 0.026442307692307692
0 0.9038461538461539 0.6694711538461539 0.028846153846153848 0.02403846153846154
0 0.8413461538461539 0.6875 0.03125 0.026442307692307692
0 0.7908653846153846 0.6971153846153846 0.03125 0.03125
0 0.7608173076923077 0.6959134615384616 0.040865384615384616 0.03365384615384615
0 0.5697115384615384 0.7271634615384616 0.03365384615384615 0.02403846153846154
0 0.4831730769230769 0.7439903846153846 0.03125 0.028846153846153848
0 0.23798076923076922 0.7824519230769231 0.03365384615384615 0.026442307692307692
0 0.6189903846153846 0.7211538461538461 0.028846153846153848 0.02403846153846154