1 0.051682692307692304 0.2608173076923077 0.0889423076923077 0.1201923076923077
1 0.33052884615384615 0.32572115384615385 0.06009615384615385 0.09615384615384616
1 0.2800480769230769 0.33533653846153844 0.04807692307692308 0.08173076923076923
1 0.6045673076923077 0.30649038461538464 0.055288461538461536 0.09375
1 0.5504807692307693 0.29927884615384615 0.052884615384615384 0.09134615384615384
1 0.6742788461538461 0.3004807692307692 0.05048076923076923 0.08653846153846154
1 0.734375 0.2860576923076923 0.052884615384615384 0.09615384615384616
1 0.8233173076923077 0.28846153846153844 0.05048076923076923 0.09615384615384616
1 0.8605769230769231 0.2536057692307692 0.06009615384615385 0.10096153846153846
1 0.17427884615384615 0.3485576923076923 0.057692307692307696 0.09134615384615384
1 0.06971153846153846 0.34375 0.04567307692307692 0.09134615384615384
1 0.09014423076923077 0.3581730769230769 0.04567307692307692 0.10576923076923077