0 0.36778846153846156 0.6646634615384616 0.13701923076923078 0.18269230769230768
0 0.17908653846153846 0.5300480769230769 0.0889423076923077 0.125
0 0.49399038461538464 0.5661057692307693 0.10096153846153846 0.1346153846153846
0 0.08173076923076923 0.6670673076923077 0.13701923076923078 0.21634615384615385
0 0.6706730769230769 0.5144230769230769 0.08173076923076923 0.11057692307692307
0 0.3233173076923077 0.4963942307692308 0.06971153846153846 0.08413461538461539
0 0.4651442307692308 0.4519230769230769 0.057692307692307696 0.07692307692307693
0 0.5372596153846154 0.4362980769230769 0.055288461538461536 0.07451923076923077
0 0.7668269230769231 0.4951923076923077 0.07211538461538461 0.09375
0 0.7644230769230769 0.4411057692307692 0.057692307692307696 0.06971153846153846
0 0.7560096153846154 0.4014423076923077 0.038461538461538464 0.057692307692307696
0 0.8233173076923077 0.41586538461538464 0.06971153846153846 0.08413461538461539