0 0.028846153846153848 0.36658653846153844 0.05048076923076923 0.12259615384615384
0 0.9314903846153846 0.3918269230769231 0.07451923076923077 0.11778846153846154
0 0.40024038461538464 0.3798076923076923 0.057692307692307696 0.10336538461538461
0 0.8040865384615384 0.4110576923076923 0.052884615384615384 0.10096153846153846
0 0.6742788461538461 0.4206730769230769 0.036057692307692304 0.06490384615384616
0 0.9831730769230769 0.45072115384615385 0.03365384615384615 0.09375
0 0.8545673076923077 0.45552884615384615 0.057692307692307696 0.0889423076923077
0 0.7391826923076923 0.43028846153846156 0.04326923076923077 0.0889423076923077
0 0.6057692307692307 0.41225961538461536 0.05048076923076923 0.08653846153846154
0 0.5661057692307693 0.40625 0.040865384615384616 0.06971153846153846
0 0.49278846153846156 0.4026442307692308 0.04326923076923077 0.08653846153846154
0 0.46153846153846156 0.41346153846153844 0.03365384615384615 0.06490384615384616
0 0.3016826923076923 0.40384615384615385 0.057692307692307696 0.0985576923076923
0 0.33052884615384615 0.3858173076923077 0.040865384615384616 0.0889423076923077
0 0.25 0.40024038461538464 0.040865384615384616 0.07211538461538461
0 0.16706730769230768 0.36177884615384615 0.057692307692307696 0.09134615384615384