1 0.8930288461538461 0.28365384615384615 0.07932692307692307 0.10817307692307693
1 0.6370192307692307 0.359375 0.052884615384615384 0.0889423076923077
1 0.6838942307692307 0.36658653846153844 0.04326923076923077 0.07692307692307693
1 0.3786057692307692 0.35336538461538464 0.04807692307692308 0.08653846153846154
1 0.42908653846153844 0.3449519230769231 0.04567307692307692 0.08173076923076923
1 0.3125 0.35096153846153844 0.04326923076923077 0.07932692307692307
1 0.25600961538461536 0.3425480769230769 0.04567307692307692 0.0889423076923077
1 0.17307692307692307 0.3485576923076923 0.04326923076923077 0.0889423076923077
1 0.13581730769230768 0.3173076923076923 0.052884615384615384 0.09134615384615384
1 0.7848557692307693 0.37259615384615385 0.05048076923076923 0.08173076923076923
1 0.9807692307692307 0.390625 0.038461538461538464 0.10336538461538461
1 0.8822115384615384 0.3629807692307692 0.038461538461538464 0.08413461538461539
1 0.8629807692307693 0.37740384615384615 0.038461538461538464 0.09615384615384616