1 0.24278846153846154 0.43990384615384615 0.0889423076923077 0.09615384615384616
1 0.6754807692307693 0.25 0.0673076923076923 0.07451923076923077
1 0.5745192307692307 0.22596153846153846 0.06009615384615385 0.08653846153846154
1 0.6862980769230769 0.0733173076923077 0.052884615384615384 0.07451923076923077
1 0.3701923076923077 0.054086538461538464 0.057692307692307696 0.07692307692307693
1 0.1502403846153846 0.45072115384615385 0.06971153846153846 0.09134615384615384
0 0.8557692307692307 0.23557692307692307 0.04807692307692308 0.06009615384615385
0 0.9867788461538461 0.1141826923076923 0.026442307692307692 0.06009615384615385
0 0.12740384615384615 0.20673076923076922 0.04807692307692308 0.0625
0 0.18269230769230768 0.14543269230769232 0.04807692307692308 0.0625
0 0.2512019230769231 0.12139423076923077 0.052884615384615384 0.06971153846153846
0 0.36538461538461536 0.41466346153846156 0.06490384615384616 0.06971153846153846
0 0.4891826923076923 0.32091346153846156 0.0673076923076923 0.06490384615384616
0 0.3954326923076923 0.3245192307692308 0.0673076923076923 0.06971153846153846
0 0.7199519230769231 0.11658653846153846 0.05048076923076923 0.057692307692307696
0 0.5913461538461539 0.08653846153846154 0.04326923076923077 0.0625
0 0.5612980769230769 0.07451923076923077 0.04567307692307692 0.0625
0 0.5240384615384616 0.08533653846153846 0.04326923076923077 0.0625
0 0.48677884615384615 0.07692307692307693 0.04326923076923077 0.06009615384615385
0 0.44350961538461536 0.04927884615384615 0.06009615384615385 0.07692307692307693