0 0.02403846153846154 0.42908653846153844 0.04807692307692308 0.12740384615384615
0 0.9615384615384616 0.3918269230769231 0.07211538461538461 0.12259615384615384
0 0.4110576923076923 0.4170673076923077 0.0625 0.10817307692307693
0 0.8329326923076923 0.41947115384615385 0.055288461538461536 0.10576923076923077
0 0.6983173076923077 0.4387019230769231 0.038461538461538464 0.06971153846153846
0 0.8894230769230769 0.4639423076923077 0.057692307692307696 0.09375
0 0.7668269230769231 0.44471153846153844 0.04567307692307692 0.09375
0 0.625 0.43509615384615385 0.052884615384615384 0.0889423076923077
0 0.5841346153846154 0.4326923076923077 0.04326923076923077 0.07211538461538461
0 0.5084134615384616 0.4338942307692308 0.04567307692307692 0.0889423076923077
0 0.47596153846153844 0.44711538461538464 0.036057692307692304 0.06971153846153846
0 0.3088942307692308 0.45072115384615385 0.057692307692307696 0.10336538461538461
0 0.3389423076923077 0.42788461538461536 0.040865384615384616 0.09375
0 0.2548076923076923 0.4483173076923077 0.040865384615384616 0.07692307692307693
0 0.1658653846153846 0.41586538461538464 0.057692307692307696 0.09615384615384616