1 0.7115384615384616 0.4182692307692308 0.09134615384615384 0.0985576923076923
1 0.2704326923076923 0.25240384615384615 0.06971153846153846 0.07692307692307693
1 0.36899038461538464 0.22355769230769232 0.06490384615384616 0.0889423076923077
1 0.25 0.07692307692307693 0.055288461538461536 0.07692307692307693
1 0.5649038461538461 0.039663461538461536 0.0625 0.07932692307692307
1 0.8052884615384616 0.42427884615384615 0.07451923076923077 0.09375
0 0.0889423076923077 0.24639423076923078 0.05048076923076923 0.0625
0 0.8137019230769231 0.17908653846153846 0.05048076923076923 0.06490384615384616
0 0.7560096153846154 0.12259615384615384 0.05048076923076923 0.06490384615384616
0 0.6875 0.10096153846153846 0.057692307692307696 0.07211538461538461
0 0.5889423076923077 0.39903846153846156 0.0673076923076923 0.07211538461538461
0 0.45913461538461536 0.3125 0.06971153846153846 0.0673076923076923
0 0.5528846153846154 0.31009615384615385 0.06971153846153846 0.07211538461538461
0 0.21875 0.1201923076923077 0.052884615384615384 0.06009615384615385
0 0.34615384615384615 0.08413461538461539 0.04567307692307692 0.0625
0 0.375 0.06971153846153846 0.04807692307692308 0.0625
0 0.41225961538461536 0.078125 0.04567307692307692 0.0625
0 0.4495192307692308 0.06971153846153846 0.04567307692307692 0.06009615384615385
0 0.49038461538461536 0.038461538461538464 0.0625 0.07692307692307693