1 0.09375 0.30528846153846156 0.08173076923076923 0.11057692307692307
1 0.35336538461538464 0.37259615384615385 0.055288461538461536 0.09134615384615384
1 0.3076923076923077 0.38221153846153844 0.04567307692307692 0.07692307692307693
1 0.6129807692307693 0.359375 0.05048076923076923 0.08653846153846154
1 0.5612980769230769 0.35096153846153844 0.04807692307692308 0.08413461538461539
1 0.6790865384615384 0.3545673076923077 0.04807692307692308 0.08173076923076923
1 0.7355769230769231 0.3425480769230769 0.05048076923076923 0.09134615384615384
1 0.8197115384615384 0.34615384615384615 0.04567307692307692 0.09134615384615384
1 0.8557692307692307 0.3137019230769231 0.055288461538461536 0.09375
1 0.20673076923076922 0.3918269230769231 0.052884615384615384 0.08413461538461539
1 0.015625 0.41586538461538464 0.03125 0.10576923076923077
1 0.109375 0.38461538461538464 0.040865384615384616 0.08653846153846154
1 0.12740384615384615 0.39903846153846156 0.040865384615384616 0.0985576923076923