0 0.34375 0.6442307692307693 0.14182692307692307 0.18990384615384615
0 0.18870192307692307 0.46033653846153844 0.09134615384615384 0.13221153846153846
0 0.4951923076923077 0.5757211538461539 0.10336538461538461 0.13701923076923078
0 0.06370192307692307 0.5733173076923077 0.12740384615384615 0.22355769230769232
0 0.6862980769230769 0.5673076923076923 0.08413461538461539 0.11298076923076923
0 0.34134615384615385 0.4639423076923077 0.07211538461538461 0.08653846153846154
0 0.4951923076923077 0.453125 0.06009615384615385 0.07932692307692307
0 0.5709134615384616 0.45552884615384615 0.057692307692307696 0.07692307692307693
0 0.7860576923076923 0.5733173076923077 0.07451923076923077 0.0985576923076923
0 0.7980769230769231 0.5180288461538461 0.057692307692307696 0.06971153846153846
0 0.7980769230769231 0.47596153846153844 0.040865384615384616 0.06009615384615385
0 0.8641826923076923 0.5072115384615384 0.07211538461538461 0.08653846153846154