1 0.27884615384615385 0.45913461538461536 0.08653846153846154 0.09375
1 0.6995192307692307 0.28365384615384615 0.06490384615384616 0.07211538461538461
1 0.6045673076923077 0.25961538461538464 0.06009615384615385 0.08413461538461539
1 0.7151442307692307 0.1141826923076923 0.05048076923076923 0.07451923076923077
1 0.40865384615384615 0.0889423076923077 0.057692307692307696 0.07692307692307693
1 0.18870192307692307 0.4675480769230769 0.06971153846153846 0.0889423076923077
0 0.8762019230769231 0.27403846153846156 0.04807692307692308 0.057692307692307696
0 0.9951923076923077 0.15745192307692307 0.009615384615384616 0.06009615384615385
0 0.171875 0.23197115384615385 0.04807692307692308 0.06009615384615385
0 0.22716346153846154 0.17548076923076922 0.04807692307692308 0.06009615384615385
0 0.2932692307692308 0.15264423076923078 0.052884615384615384 0.06971153846153846
0 0.39783653846153844 0.4375 0.0625 0.0673076923076923
0 0.5204326923076923 0.34975961538461536 0.06490384615384616 0.06490384615384616
0 0.42908653846153844 0.34975961538461536 0.06490384615384616 0.0673076923076923
0 0.7463942307692307 0.15625 0.05048076923076923 0.055288461538461536
0 0.6225961538461539 0.125 0.04326923076923077 0.06009615384615385
0 0.5925480769230769 0.11298076923076923 0.04567307692307692 0.06009615384615385
0 0.5588942307692307 0.12139423076923077 0.04326923076923077 0.06009615384615385
0 0.5216346153846154 0.1141826923076923 0.040865384615384616 0.057692307692307696
0 0.4807692307692308 0.08653846153846154 0.06009615384615385 0.07451923076923077