0 0.9555288461538461 0.23076923076923078 0.06971153846153846 0.12980769230769232
0 0.921875 0.29086538461538464 0.038461538461538464 0.08653846153846154
0 0.8882211538461539 0.29086538461538464 0.03365384615384615 0.07932692307692307
0 0.7932692307692307 0.23197115384615385 0.04807692307692308 0.09615384615384616
1 0.7584134615384616 0.25721153846153844 0.038461538461538464 0.09615384615384616
0 0.6911057692307693 0.265625 0.03365384615384615 0.10096153846153846
0 0.6634615384615384 0.2608173076923077 0.038461538461538464 0.07692307692307693
0 0.5733173076923077 0.25 0.03365384615384615 0.07692307692307693
0 0.5420673076923077 0.27163461538461536 0.03365384615384615 0.0673076923076923
0 0.47475961538461536 0.2692307692307692 0.038461538461538464 0.07211538461538461
0 0.43990384615384615 0.296875 0.028846153846153848 0.07692307692307693
0 0.4014423076923077 0.2980769230769231 0.028846153846153848 0.07211538461538461
0 0.29447115384615385 0.29086538461538464 0.028846153846153848 0.07211538461538461
0 0.13221153846153846 0.23798076923076922 0.03125 0.07932692307692307
0 0.15985576923076922 0.24278846153846154 0.02403846153846154 0.0625