0 0.036057692307692304 0.25 0.07211538461538461 0.12980769230769232
0 0.07091346153846154 0.3088942307692308 0.040865384615384616 0.08653846153846154
0 0.1045673076923077 0.3088942307692308 0.036057692307692304 0.07932692307692307
0 0.19831730769230768 0.24759615384615385 0.04807692307692308 0.0985576923076923
1 0.23317307692307693 0.27283653846153844 0.038461538461538464 0.0985576923076923
0 0.3016826923076923 0.2800480769230769 0.036057692307692304 0.10096153846153846
0 0.3293269230769231 0.27403846153846156 0.038461538461538464 0.07692307692307693
0 0.41947115384615385 0.2620192307692308 0.036057692307692304 0.07692307692307693
0 0.45072115384615385 0.28365384615384615 0.03365384615384615 0.06971153846153846
0 0.5180288461538461 0.2800480769230769 0.040865384615384616 0.07211538461538461
0 0.5516826923076923 0.30649038461538464 0.03125 0.07692307692307693
0 0.5913461538461539 0.3076923076923077 0.03125 0.07211538461538461
0 0.6971153846153846 0.2980769230769231 0.028846153846153848 0.07211538461538461
0 0.8581730769230769 0.24278846153846154 0.03365384615384615 0.07932692307692307
0 0.8317307692307693 0.24759615384615385 0.02403846153846154 0.0625