0 0.05889423076923077 0.41947115384615385 0.08653846153846154 0.12740384615384615
0 0.6081730769230769 0.3581730769230769 0.06971153846153846 0.11298076923076923
0 0.19471153846153846 0.42788461538461536 0.06490384615384616 0.10817307692307693
0 0.328125 0.4254807692307692 0.04326923076923077 0.07211538461538461
0 0.015625 0.4831730769230769 0.03125 0.10096153846153846
0 0.14423076923076922 0.47836538461538464 0.06490384615384616 0.09615384615384616
0 0.26322115384615385 0.4423076923076923 0.052884615384615384 0.09375
0 0.39903846153846156 0.4098557692307692 0.06009615384615385 0.09134615384615384
0 0.4387019230769231 0.40024038461538464 0.04807692307692308 0.07451923076923077
0 0.5144230769230769 0.3894230769230769 0.052884615384615384 0.09134615384615384
0 0.5480769230769231 0.39783653846153844 0.040865384615384616 0.06971153846153846
0 0.7127403846153846 0.375 0.0673076923076923 0.10576923076923077
0 0.6814903846153846 0.3581730769230769 0.04807692307692308 0.09375
0 0.765625 0.3641826923076923 0.04807692307692308 0.07932692307692307
0 0.8485576923076923 0.31971153846153844 0.0673076923076923 0.10096153846153846