0 0.05048076923076923 0.1971153846153846 0.06971153846153846 0.1346153846153846
0 0.0733173076923077 0.2620192307692308 0.04567307692307692 0.09134615384615384
0 0.10817307692307693 0.2644230769230769 0.038461538461538464 0.08173076923076923
0 0.20793269230769232 0.21033653846153846 0.055288461538461536 0.10096153846153846
1 0.24158653846153846 0.23798076923076922 0.04326923076923077 0.10096153846153846
0 0.31009615384615385 0.25240384615384615 0.04326923076923077 0.10336538461538461
0 0.3389423076923077 0.24879807692307693 0.04326923076923077 0.07932692307692307
0 0.43149038461538464 0.2439903846153846 0.038461538461538464 0.07932692307692307
0 0.46033653846153844 0.26802884615384615 0.038461538461538464 0.07211538461538461
0 0.5300480769230769 0.27163461538461536 0.04567307692307692 0.07692307692307693
0 0.5637019230769231 0.3004807692307692 0.036057692307692304 0.07932692307692307
0 0.6021634615384616 0.30649038461538464 0.036057692307692304 0.07451923076923077
0 0.7115384615384616 0.30649038461538464 0.03365384615384615 0.07451923076923077
0 0.8810096153846154 0.26322115384615385 0.038461538461538464 0.08173076923076923
0 0.8509615384615384 0.2668269230769231 0.028846153846153848 0.06490384615384616