0 0.640625 0.6262019230769231 0.14182692307692307 0.18990384615384615
0 0.7932692307692307 0.4423076923076923 0.09134615384615384 0.12980769230769232
0 0.49038461538461536 0.5564903846153846 0.10336538461538461 0.13701923076923078
0 0.9242788461538461 0.5552884615384616 0.14182692307692307 0.22115384615384615
0 0.3004807692307692 0.5492788461538461 0.08413461538461539 0.11298076923076923
0 0.6418269230769231 0.44471153846153844 0.07211538461538461 0.08653846153846154
0 0.4891826923076923 0.4362980769230769 0.06009615384615385 0.07932692307692307
0 0.41466346153846156 0.4375 0.055288461538461536 0.07692307692307693
0 0.20072115384615385 0.5540865384615384 0.07451923076923077 0.09615384615384616
0 0.18990384615384615 0.4987980769230769 0.057692307692307696 0.06971153846153846
0 0.18870192307692307 0.4579326923076923 0.040865384615384616 0.06009615384615385
0 0.125 0.4891826923076923 0.07211538461538461 0.08653846153846154