1 0.5841346153846154 0.5564903846153846 0.11538461538461539 0.16105769230769232
1 0.4170673076923077 0.15504807692307693 0.13221153846153846 0.19230769230769232
1 0.3557692307692308 0.07692307692307693 0.07211538461538461 0.11778846153846154
1 0.7007211538461539 0.4326923076923077 0.0985576923076923 0.13942307692307693
1 0.5721153846153846 0.08774038461538461 0.06490384615384616 0.11298076923076923
1 0.7223557692307693 0.5132211538461539 0.11298076923076923 0.1466346153846154
0 0.859375 0.23918269230769232 0.08653846153846154 0.14423076923076922
0 0.53125 0.18509615384615385 0.07692307692307693 0.12980769230769232
0 0.27163461538461536 0.06971153846153846 0.08653846153846154 0.13942307692307693
0 0.5060096153846154 0.1045673076923077 0.057692307692307696 0.08413461538461539
0 0.11177884615384616 0.007211538461538462 0.05048076923076923 0.014423076923076924