0 0.27283653846153844 0.4891826923076923 0.0889423076923077 0.12259615384615384
0 0.6237980769230769 0.4206730769230769 0.0625 0.08653846153846154
0 0.36177884615384615 0.4375 0.07211538461538461 0.09134615384615384
0 0.5168269230769231 0.42908653846153844 0.052884615384615384 0.08173076923076923
0 0.22115384615384615 0.48197115384615385 0.057692307692307696 0.08413461538461539
0 0.47115384615384615 0.4519230769230769 0.055288461538461536 0.08173076923076923
0 0.08413461538461539 0.5240384615384616 0.05048076923076923 0.06971153846153846
0 0.6658653846153846 0.4182692307692308 0.05048076923076923 0.07211538461538461
0 0.7367788461538461 0.4170673076923077 0.038461538461538464 0.055288461538461536
0 0.7764423076923077 0.40865384615384615 0.040865384615384616 0.055288461538461536
0 0.9411057692307693 0.36778846153846156 0.04567307692307692 0.0625