1 0.25600961538461536 0.7415865384615384 0.0889423076923077 0.11538461538461539
1 0.23557692307692307 0.6009615384615384 0.07211538461538461 0.0985576923076923
1 0.27524038461538464 0.3762019230769231 0.04326923076923077 0.07692307692307693
1 0.375 0.6754807692307693 0.06009615384615385 0.07932692307692307
1 0.4951923076923077 0.5420673076923077 0.052884615384615384 0.06971153846153846
1 0.5108173076923077 0.5048076923076923 0.052884615384615384 0.06971153846153846
1 0.5721153846153846 0.546875 0.06009615384615385 0.0673076923076923
1 0.8966346153846154 0.16706730769230768 0.052884615384615384 0.09615384615384616
1 0.8737980769230769 0.20432692307692307 0.04326923076923077 0.07211538461538461
1 0.8509615384615384 0.18990384615384615 0.04567307692307692 0.07451923076923077
0 0.9326923076923077 0.18028846153846154 0.057692307692307696 0.08653846153846154
0 0.9555288461538461 0.26802884615384615 0.04326923076923077 0.08653846153846154