1 0.30528846153846156 0.5420673076923077 0.0673076923076923 0.11298076923076923
1 0.65625 0.46033653846153844 0.04326923076923077 0.0673076923076923
1 0.6045673076923077 0.4651442307692308 0.04326923076923077 0.06971153846153846
1 0.4639423076923077 0.4735576923076923 0.04807692307692308 0.07451923076923077
1 0.48677884615384615 0.4807692307692308 0.036057692307692304 0.06009615384615385
1 0.22115384615384615 0.5168269230769231 0.052884615384615384 0.08653846153846154
1 0.2512019230769231 0.49038461538461536 0.05048076923076923 0.08413461538461539
1 0.040865384615384616 0.5384615384615384 0.06009615384615385 0.09615384615384616
0 0.36177884615384615 0.47836538461538464 0.040865384615384616 0.06490384615384616
0 0.38822115384615385 0.47596153846153844 0.038461538461538464 0.07211538461538461
0 0.4170673076923077 0.484375 0.05048076923076923 0.08173076923076923