1 0.7920673076923077 0.6754807692307693 0.08413461538461539 0.11057692307692307
1 0.7800480769230769 0.5360576923076923 0.0673076923076923 0.09375
1 0.6911057692307693 0.328125 0.038461538461538464 0.07451923076923077
1 0.6610576923076923 0.6382211538461539 0.057692307692307696 0.07692307692307693
1 0.5168269230769231 0.5360576923076923 0.04807692307692308 0.0673076923076923
1 0.49158653846153844 0.5036057692307693 0.05048076923076923 0.06971153846153846
1 0.4423076923076923 0.5588942307692307 0.057692307692307696 0.0625
1 0.04447115384615385 0.2644230769230769 0.04807692307692308 0.09375
1 0.07451923076923077 0.2956730769230769 0.040865384615384616 0.06971153846153846
1 0.09375 0.2764423076923077 0.040865384615384616 0.07211538461538461
0 0.019230769230769232 0.28725961538461536 0.038461538461538464 0.08413461538461539
0 0.014423076923076924 0.3737980769230769 0.028846153846153848 0.08413461538461539