0 0.7127403846153846 0.4639423076923077 0.08173076923076923 0.12259615384615384
0 0.33533653846153844 0.46274038461538464 0.055288461538461536 0.08653846153846154
0 0.609375 0.42908653846153844 0.06490384615384616 0.09134615384615384
0 0.4483173076923077 0.4495192307692308 0.04807692307692308 0.08173076923076923
0 0.7644230769230769 0.44591346153846156 0.052884615384615384 0.08413461538461539
0 0.4987980769230769 0.4651442307692308 0.05048076923076923 0.08173076923076923
0 0.9158653846153846 0.46274038461538464 0.04567307692307692 0.06971153846153846
0 0.2920673076923077 0.46875 0.04567307692307692 0.07211538461538461
0 0.21754807692307693 0.48197115384615385 0.03365384615384615 0.055288461538461536
0 0.17427884615384615 0.4807692307692308 0.036057692307692304 0.055288461538461536
0 0.008413461538461538 0.4723557692307692 0.016826923076923076 0.06009615384615385