1 0.16826923076923078 0.7079326923076923 0.09375 0.12259615384615384
1 0.15384615384615385 0.5528846153846154 0.07451923076923077 0.10336538461538461
1 0.21033653846153846 0.30649038461538464 0.04326923076923077 0.08413461538461539
1 0.30408653846153844 0.6418269230769231 0.0625 0.08413461538461539
1 0.4423076923076923 0.5024038461538461 0.052884615384615384 0.07692307692307693
1 0.46274038461538464 0.46153846153846156 0.055288461538461536 0.07692307692307693
1 0.5276442307692307 0.5120192307692307 0.06490384615384616 0.07211538461538461
1 0.9074519230769231 0.11298076923076923 0.052884615384615384 0.10576923076923077
1 0.8798076923076923 0.15264423076923078 0.04567307692307692 0.07692307692307693
1 0.8557692307692307 0.1346153846153846 0.04807692307692308 0.08173076923076923
0 0.9447115384615384 0.1310096153846154 0.057692307692307696 0.09375
0 0.9639423076923077 0.2283653846153846 0.036057692307692304 0.09134615384615384