0 0.27524038461538464 0.48677884615384615 0.08173076923076923 0.12259615384615384
0 0.6430288461538461 0.453125 0.057692307692307696 0.08653846153846154
0 0.3713942307692308 0.44471153846153844 0.06490384615384616 0.0889423076923077
0 0.5324519230769231 0.45072115384615385 0.04807692307692308 0.07932692307692307
0 0.22355769230769232 0.4735576923076923 0.052884615384615384 0.08413461538461539
0 0.484375 0.4699519230769231 0.05048076923076923 0.07932692307692307
0 0.07692307692307693 0.5024038461538461 0.04567307692307692 0.06971153846153846
0 0.6862980769230769 0.45552884615384615 0.04567307692307692 0.07211538461538461
0 0.7596153846153846 0.46274038461538464 0.03365384615384615 0.055288461538461536
0 0.8016826923076923 0.4579326923076923 0.036057692307692304 0.055288461538461536
0 0.9759615384615384 0.4338942307692308 0.04326923076923077 0.06009615384615385