1 0.6814903846153846 0.5420673076923077 0.07211538461538461 0.1201923076923077
1 0.3076923076923077 0.4543269230769231 0.04567307692307692 0.07211538461538461
1 0.3629807692307692 0.46033653846153844 0.04567307692307692 0.07451923076923077
1 0.5108173076923077 0.46875 0.05048076923076923 0.07932692307692307
1 0.48677884615384615 0.47716346153846156 0.038461538461538464 0.06490384615384616
1 0.7692307692307693 0.5144230769230769 0.055288461538461536 0.09375
1 0.7367788461538461 0.48677884615384615 0.052884615384615384 0.0889423076923077
1 0.9615384615384616 0.5372596153846154 0.06490384615384616 0.10096153846153846
0 0.6201923076923077 0.4735576923076923 0.04567307692307692 0.06971153846153846
0 0.5925480769230769 0.47115384615384615 0.040865384615384616 0.07692307692307693
0 0.5612980769230769 0.4807692307692308 0.052884615384615384 0.08653846153846154