1 0.4879807692307692 0.5841346153846154 0.11538461538461539 0.15865384615384615
1 0.6526442307692307 0.18629807692307693 0.12980769230769232 0.18990384615384615
1 0.7115384615384616 0.109375 0.07211538461538461 0.11538461538461539
1 0.3713942307692308 0.46153846153846156 0.09615384615384616 0.13942307692307693
1 0.49759615384615385 0.1201923076923077 0.0625 0.11298076923076923
1 0.35216346153846156 0.5408653846153846 0.11298076923076923 0.1466346153846154
0 0.21514423076923078 0.2704326923076923 0.08653846153846154 0.14182692307692307
0 0.5396634615384616 0.21634615384615385 0.07692307692307693 0.12740384615384615
0 0.7956730769230769 0.09495192307692307 0.08413461538461539 0.15144230769230768
0 0.5625 0.13701923076923078 0.057692307692307696 0.08413461538461539
0 0.9507211538461539 0.02403846153846154 0.05048076923076923 0.04807692307692308