1 0.6935096153846154 0.5096153846153846 0.06009615384615385 0.10817307692307693
1 0.3401442307692308 0.4963942307692308 0.038461538461538464 0.0625
1 0.390625 0.49158653846153844 0.038461538461538464 0.0673076923076923
1 0.5276442307692307 0.4735576923076923 0.04326923076923077 0.07211538461538461
1 0.5072115384615384 0.4855769230769231 0.03125 0.057692307692307696
1 0.7704326923076923 0.4699519230769231 0.04807692307692308 0.08413461538461539
1 0.7355769230769231 0.4495192307692308 0.04567307692307692 0.08173076923076923
1 0.9471153846153846 0.4567307692307692 0.055288461538461536 0.09134615384615384
0 0.6274038461538461 0.45913461538461536 0.038461538461538464 0.06009615384615385
0 0.6009615384615384 0.46153846153846156 0.03365384615384615 0.06971153846153846
0 0.5757211538461539 0.47596153846153844 0.04567307692307692 0.07932692307692307