0 0.9495192307692307 0.3942307692307692 0.10096153846153846 0.1778846153846154
0 0.7451923076923077 0.36899038461538464 0.11057692307692307 0.17307692307692307
0 0.2403846153846154 0.41586538461538464 0.13942307692307693 0.20673076923076922
0 0.6177884615384616 0.3545673076923077 0.10817307692307693 0.18990384615384615
0 0.16826923076923078 0.25841346153846156 0.1971153846153846 0.3485576923076923
0 0.4651442307692308 0.33774038461538464 0.12980769230769232 0.19951923076923078
0 0.33413461538461536 0.44711538461538464 0.1466346153846154 0.22355769230769232
0 0.5733173076923077 0.35697115384615385 0.07451923076923077 0.13942307692307693
0 0.07692307692307693 0.25961538461538464 0.14423076923076922 0.3629807692307692
0 0.6802884615384616 0.4338942307692308 0.0625 0.11298076923076923
0 0.8365384615384616 0.45913461538461536 0.038461538461538464 0.06009615384615385