0 0.24639423076923078 0.2920673076923077 0.08653846153846154 0.17307692307692307
0 0.40865384615384615 0.3173076923076923 0.10817307692307693 0.1778846153846154
0 0.9326923076923077 0.3293269230769231 0.1346153846153846 0.25
0 0.6586538461538461 0.3713942307692308 0.0673076923076923 0.12259615384615384
0 0.5877403846153846 0.30528846153846156 0.11298076923076923 0.18990384615384615
0 0.7764423076923077 0.3401442307692308 0.10817307692307693 0.20673076923076922
0 0.9831730769230769 0.27403846153846156 0.03365384615384615 0.24519230769230768
0 0.11899038461538461 0.3701923076923077 0.052884615384615384 0.09134615384615384
0 0.5012019230769231 0.3894230769230769 0.04807692307692308 0.08173076923076923
0 0.8341346153846154 0.40625 0.06490384615384616 0.1201923076923077
0 0.3233173076923077 0.38822115384615385 0.04567307692307692 0.08413461538461539