0 0.9567307692307693 0.3786057692307692 0.08653846153846154 0.18509615384615385
0 0.7536057692307693 0.35336538461538464 0.11298076923076923 0.18269230769230768
0 0.22956730769230768 0.4026442307692308 0.14423076923076922 0.21634615384615385
0 0.6225961538461539 0.3389423076923077 0.11298076923076923 0.1971153846153846
0 0.15504807692307693 0.23918269230769232 0.20432692307692307 0.3629807692307692
0 0.4639423076923077 0.32091346153846156 0.1346153846153846 0.20673076923076922
0 0.328125 0.43509615384615385 0.15144230769230768 0.23317307692307693
0 0.5745192307692307 0.3401442307692308 0.07692307692307693 0.1466346153846154
0 0.07211538461538461 0.24158653846153846 0.12980769230769232 0.37259615384615385
0 0.6862980769230769 0.421875 0.06490384615384616 0.11778846153846154
0 0.8497596153846154 0.44711538461538464 0.038461538461538464 0.0625