1 0.34975961538461536 0.23918269230769232 0.0673076923076923 0.13701923076923078
1 0.08052884615384616 0.2620192307692308 0.0625 0.13701923076923078
1 0.7295673076923077 0.27884615384615385 0.06490384615384616 0.1346153846153846
1 0.28966346153846156 0.2620192307692308 0.052884615384615384 0.11057692307692307
1 0.65625 0.30288461538461536 0.04326923076923077 0.0889423076923077
0 0.5600961538461539 0.27403846153846156 0.0673076923076923 0.13701923076923078
0 0.7848557692307693 0.2860576923076923 0.052884615384615384 0.0985576923076923
0 0.625 0.3016826923076923 0.03125 0.07211538461538461
0 0.4110576923076923 0.2860576923076923 0.03125 0.06009615384615385
1 0.23798076923076922 0.2704326923076923 0.03365384615384615 0.07211538461538461
1 0.18990384615384615 0.27163461538461536 0.04567307692307692 0.09134615384615384