1 0.36778846153846156 0.24519230769230768 0.07451923076923077 0.13942307692307693
1 0.10336538461538461 0.2548076923076923 0.06971153846153846 0.13942307692307693
1 0.7391826923076923 0.30408653846153844 0.07211538461538461 0.13701923076923078
1 0.3076923076923077 0.265625 0.057692307692307696 0.11057692307692307
1 0.6658653846153846 0.3245192307692308 0.04807692307692308 0.0889423076923077
0 0.5721153846153846 0.29086538461538464 0.07451923076923077 0.13942307692307693
0 0.7920673076923077 0.3161057692307692 0.057692307692307696 0.10096153846153846
0 0.6346153846153846 0.32091346153846156 0.03365384615384615 0.07211538461538461
0 0.4254807692307692 0.29447115384615385 0.03365384615384615 0.06009615384615385
1 0.25721153846153844 0.2704326923076923 0.036057692307692304 0.07211538461538461
1 0.21033653846153846 0.27163461538461536 0.05048076923076923 0.09375