0 0.7355769230769231 0.5180288461538461 0.07211538461538461 0.10576923076923077
0 0.5084134615384616 0.5600961538461539 0.06009615384615385 0.07692307692307693
0 0.9747596153846154 0.453125 0.05048076923076923 0.09375
0 0.7824519230769231 0.5264423076923077 0.057692307692307696 0.08413461538461539
0 0.8725961538461539 0.49399038461538464 0.06971153846153846 0.07932692307692307
0 0.9447115384615384 0.48677884615384615 0.05048076923076923 0.06971153846153846
0 0.6117788461538461 0.5192307692307693 0.040865384615384616 0.055288461538461536
0 0.5552884615384616 0.5456730769230769 0.05048076923076923 0.07211538461538461
0 0.42908653846153844 0.5516826923076923 0.055288461538461536 0.06490384615384616
0 0.3076923076923077 0.5661057692307693 0.055288461538461536 0.07451923076923077
0 0.21634615384615385 0.5925480769230769 0.04807692307692308 0.06009615384615385
0 0.14783653846153846 0.5793269230769231 0.040865384615384616 0.055288461538461536
0 0.02403846153846154 0.6081730769230769 0.03365384615384615 0.07211538461538461
0 0.0733173076923077 0.6237980769230769 0.052884615384615384 0.06971153846153846
0 0.5901442307692307 0.5372596153846154 0.02403846153846154 0.040865384615384616