0 0.765625 0.2932692307692308 0.09615384615384616 0.18269230769230768
0 0.5985576923076923 0.3245192307692308 0.11778846153846154 0.18509615384615385
0 0.06370192307692307 0.35697115384615385 0.12740384615384615 0.2620192307692308
0 0.34134615384615385 0.390625 0.07451923076923077 0.12980769230769232
0 0.41346153846153844 0.31971153846153844 0.125 0.19951923076923078
0 0.21634615384615385 0.36177884615384615 0.1201923076923077 0.21875
0 0.010817307692307692 0.3004807692307692 0.021634615384615384 0.2548076923076923
0 0.9014423076923077 0.3701923076923077 0.057692307692307696 0.09615384615384616
0 0.5060096153846154 0.40384615384615385 0.05048076923076923 0.08653846153846154
0 0.15865384615384615 0.43509615384615385 0.06971153846153846 0.125
0 0.6899038461538461 0.3954326923076923 0.05048076923076923 0.0889423076923077