1 0.3605769230769231 0.2692307692307692 0.06490384615384616 0.13221153846153846
1 0.10096153846153846 0.3016826923076923 0.06009615384615385 0.13221153846153846
1 0.7295673076923077 0.2956730769230769 0.0625 0.12980769230769232
1 0.30288461538461536 0.29447115384615385 0.052884615384615384 0.10576923076923077
1 0.6574519230769231 0.32211538461538464 0.04326923076923077 0.08653846153846154
0 0.5649038461538461 0.296875 0.06490384615384616 0.13221153846153846
0 0.7824519230769231 0.3016826923076923 0.052884615384615384 0.09615384615384616
0 0.6274038461538461 0.32091346153846156 0.03125 0.06971153846153846
0 0.4206730769230769 0.3125 0.03125 0.057692307692307696
1 0.2536057692307692 0.30408653846153844 0.03125 0.06971153846153846
1 0.20673076923076922 0.3076923076923077 0.04567307692307692 0.0889423076923077