0 0.7463942307692307 0.5709134615384616 0.0625 0.10336538461538461
0 0.5120192307692307 0.5889423076923077 0.055288461538461536 0.07451923076923077
0 0.9879807692307693 0.5336538461538461 0.02403846153846154 0.09134615384615384
0 0.7944711538461539 0.5853365384615384 0.05048076923076923 0.08173076923076923
0 0.8894230769230769 0.5600961538461539 0.06490384615384616 0.07451923076923077
0 0.9627403846153846 0.5612980769230769 0.04567307692307692 0.0673076923076923
0 0.6213942307692307 0.5600961538461539 0.036057692307692304 0.052884615384615384
0 0.5600961538461539 0.5793269230769231 0.04326923076923077 0.06971153846153846
0 0.4326923076923077 0.5721153846153846 0.05048076923076923 0.0625
0 0.30649038461538464 0.5745192307692307 0.05048076923076923 0.07211538461538461
0 0.21153846153846154 0.5901442307692307 0.04567307692307692 0.057692307692307696
0 0.14423076923076922 0.5709134615384616 0.036057692307692304 0.052884615384615384
0 0.014423076923076924 0.5865384615384616 0.026442307692307692 0.06971153846153846
0 0.06370192307692307 0.6081730769230769 0.04807692307692308 0.0673076923076923
0 0.5973557692307693 0.5733173076923077 0.021634615384615384 0.040865384615384616