1 0.8858173076923077 0.31009615384615385 0.0985576923076923 0.1346153846153846
1 0.9675480769230769 0.3016826923076923 0.06490384615384616 0.12740384615384615
1 0.7391826923076923 0.265625 0.07451923076923077 0.11298076923076923
1 0.41225961538461536 0.21875 0.06971153846153846 0.10576923076923077
1 0.5721153846153846 0.2512019230769231 0.07932692307692307 0.11298076923076923
1 0.6850961538461539 0.25600961538461536 0.0625 0.10096153846153846
1 0.2824519230769231 0.22355769230769232 0.0673076923076923 0.09615384615384616
1 0.4987980769230769 0.23317307692307693 0.06009615384615385 0.09134615384615384
1 0.06971153846153846 0.1658653846153846 0.057692307692307696 0.0985576923076923
1 0.14423076923076922 0.30408653846153844 0.07932692307692307 0.08413461538461539
1 0.17067307692307693 0.19230769230769232 0.05048076923076923 0.07692307692307693
1 0.7872596153846154 0.30528846153846156 0.07451923076923077 0.12980769230769232
1 0.5360576923076923 0.26322115384615385 0.0625 0.10336538461538461