1 0.15625 0.26802884615384615 0.0625 0.10817307692307693
1 0.27283653846153844 0.2800480769230769 0.07211538461538461 0.09615384615384616
1 0.375 0.26802884615384615 0.06009615384615385 0.0985576923076923
1 0.4495192307692308 0.2608173076923077 0.04326923076923077 0.0889423076923077
1 0.4891826923076923 0.25841346153846156 0.052884615384615384 0.10817307692307693
1 0.5240384615384616 0.2776442307692308 0.038461538461538464 0.07211538461538461
1 0.5853365384615384 0.27403846153846156 0.05048076923076923 0.09134615384615384
1 0.5600961538461539 0.24519230769230768 0.04807692307692308 0.10576923076923077
1 0.6165865384615384 0.2536057692307692 0.04807692307692308 0.0889423076923077
1 0.7067307692307693 0.2620192307692308 0.05048076923076923 0.0985576923076923
1 0.7512019230769231 0.23076923076923078 0.07932692307692307 0.13701923076923078