1 0.4014423076923077 0.26322115384615385 0.1466346153846154 0.1658653846153846
1 0.49158653846153844 0.28725961538461536 0.19471153846153846 0.2091346153846154
1 0.9447115384615384 0.20673076923076922 0.036057692307692304 0.0889423076923077
1 0.7463942307692307 0.23317307692307693 0.08413461538461539 0.0985576923076923
1 0.8786057692307693 0.328125 0.07692307692307693 0.09134615384615384
1 0.7103365384615384 0.2932692307692308 0.09615384615384616 0.11538461538461539
0 0.7247596153846154 0.10096153846153846 0.0673076923076923 0.0889423076923077
0 0.6129807692307693 0.13942307692307693 0.057692307692307696 0.07692307692307693
0 0.5384615384615384 0.1502403846153846 0.07692307692307693 0.08653846153846154
0 0.2668269230769231 0.28846153846153844 0.0673076923076923 0.08413461538461539
0 0.28966346153846156 0.1935096153846154 0.07451923076923077 0.09134615384615384
0 0.4567307692307692 0.16466346153846154 0.06971153846153846 0.08413461538461539
0 0.13341346153846154 0.20192307692307693 0.055288461538461536 0.07692307692307693