1 0.2548076923076923 0.27403846153846156 0.06009615384615385 0.10336538461538461
1 0.3605769230769231 0.3016826923076923 0.06971153846153846 0.09134615384615384
1 0.4567307692307692 0.30528846153846156 0.057692307692307696 0.09375
1 0.5264423076923077 0.31009615384615385 0.040865384615384616 0.08413461538461539
1 0.5637019230769231 0.3137019230769231 0.052884615384615384 0.10096153846153846
1 0.5925480769230769 0.33533653846153844 0.038461538461538464 0.0673076923076923
1 0.6502403846153846 0.3401442307692308 0.04807692307692308 0.08653846153846154
1 0.6310096153846154 0.3112980769230769 0.04807692307692308 0.0985576923076923
1 0.6814903846153846 0.3269230769230769 0.04567307692307692 0.08413461538461539
1 0.7632211538461539 0.3485576923076923 0.04807692307692308 0.09134615384615384
1 0.8088942307692307 0.32572115384615385 0.07692307692307693 0.12980769230769232