0 0.9639423076923077 0.5673076923076923 0.0625 0.09615384615384616
0 0.8629807692307693 0.5360576923076923 0.08653846153846154 0.16105769230769232
0 0.7608173076923077 0.5540865384615384 0.057692307692307696 0.09615384615384616
0 0.6947115384615384 0.5432692307692307 0.07692307692307693 0.1346153846153846
1 0.6213942307692307 0.5673076923076923 0.040865384615384616 0.0889423076923077
0 0.5829326923076923 0.5336538461538461 0.0625 0.11538461538461539
0 0.5456730769230769 0.546875 0.036057692307692304 0.07932692307692307
1 0.4675480769230769 0.5625 0.028846153846153848 0.07692307692307693
0 0.4338942307692308 0.5649038461538461 0.05048076923076923 0.09134615384615384
1 0.35216346153846156 0.5360576923076923 0.05048076923076923 0.10336538461538461
1 0.2127403846153846 0.5576923076923077 0.05048076923076923 0.08413461538461539