1 0.39903846153846156 0.2439903846153846 0.12259615384615384 0.1466346153846154
1 0.4831730769230769 0.28125 0.16346153846153846 0.18269230769230768
1 0.9567307692307693 0.27163461538461536 0.06490384615384616 0.08653846153846154
1 0.7379807692307693 0.26802884615384615 0.07211538461538461 0.08653846153846154
1 0.8497596153846154 0.3798076923076923 0.0625 0.07932692307692307
1 0.6923076923076923 0.31971153846153844 0.07932692307692307 0.10336538461538461
0 0.7379807692307693 0.13701923076923078 0.052884615384615384 0.07932692307692307
0 0.6237980769230769 0.15625 0.04807692307692308 0.06971153846153846
0 0.5492788461538461 0.15504807692307693 0.06490384615384616 0.07451923076923077
0 0.265625 0.24759615384615385 0.055288461538461536 0.07451923076923077
0 0.3016826923076923 0.15985576923076922 0.06009615384615385 0.07932692307692307
0 0.4675480769230769 0.15625 0.057692307692307696 0.07451923076923077
0 0.1502403846153846 0.14423076923076922 0.04567307692307692 0.06971153846153846