0 0.9579326923076923 0.45552884615384615 0.08413461538461539 0.16105769230769232
0 0.6069711538461539 0.5 0.17067307692307693 0.27163461538461536
0 0.8822115384615384 0.5120192307692307 0.09615384615384616 0.14182692307692307
0 0.7199519230769231 0.42908653846153844 0.07451923076923077 0.12980769230769232
0 0.09254807692307693 0.30528846153846156 0.11778846153846154 0.16346153846153846
0 0.8233173076923077 0.4831730769230769 0.11778846153846154 0.19230769230769232
0 0.27524038461538464 0.4423076923076923 0.17307692307692307 0.2764423076923077
0 0.5600961538461539 0.3004807692307692 0.06971153846153846 0.12980769230769232
0 0.20432692307692307 0.34134615384615385 0.11057692307692307 0.1658653846153846
0 0.09014423076923077 0.22115384615384615 0.07692307692307693 0.11057692307692307
0 0.21394230769230768 0.21394230769230768 0.057692307692307696 0.07932692307692307
0 0.36658653846153844 0.2980769230769231 0.040865384615384616 0.07451923076923077
0 0.46153846153846156 0.30528846153846156 0.06009615384615385 0.09615384615384616
0 0.6430288461538461 0.36658653846153844 0.07451923076923077 0.10096153846153846