1 0.16947115384615385 0.27283653846153844 0.08413461538461539 0.11778846153846154
1 0.0889423076923077 0.24639423076923078 0.07451923076923077 0.11538461538461539
1 0.30649038461538464 0.2692307692307692 0.0625 0.10096153846153846
1 0.6033653846153846 0.30408653846153844 0.06009615384615385 0.09134615384615384
1 0.4567307692307692 0.29447115384615385 0.0673076923076923 0.10096153846153846
1 0.35697115384615385 0.27283653846153844 0.052884615384615384 0.0889423076923077
1 0.7163461538461539 0.3389423076923077 0.055288461538461536 0.08413461538461539
1 0.5252403846153846 0.296875 0.05048076923076923 0.08173076923076923
1 0.9194711538461539 0.3389423076923077 0.057692307692307696 0.0889423076923077
1 0.8185096153846154 0.4411057692307692 0.0673076923076923 0.07211538461538461
1 0.8221153846153846 0.33774038461538464 0.040865384615384616 0.0673076923076923
1 0.2548076923076923 0.2932692307692308 0.0625 0.11538461538461539
1 0.4855769230769231 0.31490384615384615 0.052884615384615384 0.09134615384615384