0 0.9915865384615384 0.35336538461538464 0.016826923076923076 0.16346153846153846
0 0.6478365384615384 0.46033653846153844 0.14423076923076922 0.27403846153846156
0 0.9435096153846154 0.4254807692307692 0.08173076923076923 0.14182692307692307
0 0.7560096153846154 0.36538461538461536 0.0625 0.12980769230769232
0 0.06370192307692307 0.3389423076923077 0.10336538461538461 0.16346153846153846
0 0.8737980769230769 0.40625 0.09615384615384616 0.1971153846153846
0 0.28365384615384615 0.4543269230769231 0.14423076923076922 0.27884615384615385
0 0.5625 0.25600961538461536 0.055288461538461536 0.1346153846153846
0 0.18870192307692307 0.3581730769230769 0.09375 0.16826923076923078
0 0.04807692307692308 0.25 0.0673076923076923 0.10817307692307693
0 0.17908653846153846 0.22115384615384615 0.04807692307692308 0.07932692307692307
0 0.3557692307692308 0.2848557692307692 0.03365384615384615 0.07692307692307693
0 0.4579326923076923 0.2776442307692308 0.05048076923076923 0.09615384615384616
0 0.6622596153846154 0.3112980769230769 0.06490384615384616 0.10096153846153846