0 0.9423076923076923 0.5805288461538461 0.06490384615384616 0.09615384615384616
0 0.8485576923076923 0.5456730769230769 0.0889423076923077 0.15865384615384615
0 0.75 0.5576923076923077 0.06009615384615385 0.09615384615384616
0 0.6875 0.5456730769230769 0.07932692307692307 0.12980769230769232
1 0.6177884615384616 0.5637019230769231 0.04326923076923077 0.08413461538461539
0 0.5829326923076923 0.53125 0.0625 0.11298076923076923
0 0.546875 0.5432692307692307 0.038461538461538464 0.07932692307692307
1 0.4735576923076923 0.5516826923076923 0.03125 0.07451923076923077
0 0.4411057692307692 0.5528846153846154 0.052884615384615384 0.0889423076923077
1 0.3641826923076923 0.5216346153846154 0.052884615384615384 0.10096153846153846
1 0.23197115384615385 0.5348557692307693 0.05048076923076923 0.08173076923076923