1 0.9206730769230769 0.2704326923076923 0.11057692307692307 0.19951923076923078
1 0.09134615384615384 0.20673076923076922 0.09134615384615384 0.15625
1 0.2860576923076923 0.20192307692307693 0.12259615384615384 0.19951923076923078
1 0.6298076923076923 0.2512019230769231 0.10576923076923077 0.17307692307692307
1 0.5612980769230769 0.2608173076923077 0.07451923076923077 0.12740384615384615
1 0.7716346153846154 0.296875 0.07211538461538461 0.12740384615384615
1 0.5036057692307693 0.2776442307692308 0.07451923076923077 0.13942307692307693
1 0.32091346153846156 0.21875 0.08173076923076923 0.16346153846153846
1 0.4483173076923077 0.2920673076923077 0.052884615384615384 0.10096153846153846
0 0.39302884615384615 0.2620192307692308 0.057692307692307696 0.10336538461538461
1 0.7019230769230769 0.31850961538461536 0.052884615384615384 0.08653846153846154
1 0.9567307692307693 0.3245192307692308 0.07932692307692307 0.13701923076923078