1 0.9375 0.234375 0.09134615384615384 0.19230769230769232
1 0.10576923076923077 0.25841346153846156 0.07692307692307693 0.14903846153846154
1 0.2980769230769231 0.23197115384615385 0.10336538461538461 0.1875
1 0.6454326923076923 0.24519230769230768 0.09134615384615384 0.16346153846153846
1 0.578125 0.26322115384615385 0.0625 0.1201923076923077
1 0.7920673076923077 0.27524038461538464 0.057692307692307696 0.1201923076923077
1 0.5240384615384616 0.2848557692307692 0.06009615384615385 0.1346153846153846
1 0.33533653846153844 0.24519230769230768 0.06490384615384616 0.15865384615384615
1 0.4699519230769231 0.30408653846153844 0.04326923076923077 0.09615384615384616
0 0.4110576923076923 0.2800480769230769 0.04807692307692308 0.10096153846153846
1 0.7247596153846154 0.30408653846153844 0.04326923076923077 0.08173076923076923
1 0.9735576923076923 0.2824519230769231 0.052884615384615384 0.13221153846153846