1 0.109375 0.3786057692307692 0.09375 0.125
1 0.03125 0.375 0.0625 0.1201923076923077
1 0.24158653846153846 0.33533653846153844 0.06971153846153846 0.10336538461538461
1 0.5432692307692307 0.2860576923076923 0.0673076923076923 0.0985576923076923
1 0.3954326923076923 0.31850961538461536 0.07451923076923077 0.10576923076923077
1 0.2920673076923077 0.3245192307692308 0.057692307692307696 0.09375
1 0.6634615384615384 0.28966346153846156 0.0625 0.09134615384615384
1 0.4639423076923077 0.3016826923076923 0.055288461538461536 0.08653846153846154
1 0.8629807692307693 0.23076923076923078 0.0625 0.09375
1 0.7920673076923077 0.3605769230769231 0.07211538461538461 0.07692307692307693
1 0.7668269230769231 0.25841346153846156 0.04807692307692308 0.07211538461538461
1 0.19831730769230768 0.37259615384615385 0.06971153846153846 0.12259615384615384
1 0.43028846153846156 0.33052884615384615 0.057692307692307696 0.09615384615384616