0 0.046875 0.4074519230769231 0.07451923076923077 0.16105769230769232
0 0.41225961538461536 0.5048076923076923 0.14423076923076922 0.27163461538461536
0 0.12259615384615384 0.47596153846153844 0.08173076923076923 0.13942307692307693
0 0.30408653846153844 0.41466346153846156 0.0625 0.12740384615384615
0 0.9627403846153846 0.3762019230769231 0.07211538461538461 0.16105769230769232
0 0.18870192307692307 0.4567307692307692 0.0985576923076923 0.19230769230769232
0 0.7668269230769231 0.49399038461538464 0.14423076923076922 0.2764423076923077
0 0.49158653846153844 0.30288461538461536 0.055288461538461536 0.13221153846153846
0 0.8581730769230769 0.39783653846153844 0.09375 0.1658653846153846
0 0.9783653846153846 0.28966346153846156 0.038461538461538464 0.10817307692307693
0 0.8653846153846154 0.26322115384615385 0.05048076923076923 0.07932692307692307
0 0.6935096153846154 0.328125 0.03365384615384615 0.07451923076923077
0 0.5925480769230769 0.3233173076923077 0.05048076923076923 0.09615384615384616
0 0.3942307692307692 0.3605769230769231 0.06490384615384616 0.10096153846153846