1 0.78125 0.3317307692307692 0.057692307692307696 0.10096153846153846
1 0.6730769230769231 0.34375 0.0673076923076923 0.0889423076923077
1 0.578125 0.3317307692307692 0.055288461538461536 0.09134615384615384
1 0.5084134615384616 0.32572115384615385 0.040865384615384616 0.08173076923076923
1 0.4723557692307692 0.3233173076923077 0.05048076923076923 0.10096153846153846
1 0.4387019230769231 0.3401442307692308 0.036057692307692304 0.0673076923076923
1 0.38221153846153844 0.33653846153846156 0.04567307692307692 0.08653846153846154
1 0.4050480769230769 0.31009615384615385 0.04567307692307692 0.0985576923076923
1 0.35336538461538464 0.3173076923076923 0.04326923076923077 0.08173076923076923
1 0.2704326923076923 0.32572115384615385 0.04807692307692308 0.09134615384615384
1 0.2283653846153846 0.296875 0.07451923076923077 0.12740384615384615