1 0.5396634615384616 0.23798076923076922 0.13221153846153846 0.15384615384615385
1 0.46274038461538464 0.2848557692307692 0.1778846153846154 0.19471153846153846
1 0.019230769230769232 0.3401442307692308 0.038461538461538464 0.0889423076923077
1 0.21514423076923078 0.3076923076923077 0.07692307692307693 0.09134615384615384
1 0.12139423076923077 0.43028846153846156 0.06971153846153846 0.08413461538461539
1 0.265625 0.35216346153846156 0.0889423076923077 0.10817307692307693
0 0.1971153846153846 0.18028846153846154 0.06009615384615385 0.08413461538461539
0 0.31009615384615385 0.18389423076923078 0.052884615384615384 0.07451923076923077
0 0.38100961538461536 0.171875 0.06971153846153846 0.07932692307692307
0 0.6682692307692307 0.22355769230769232 0.0625 0.07932692307692307
0 0.6213942307692307 0.14182692307692307 0.0673076923076923 0.08413461538461539
0 0.46033653846153844 0.1622596153846154 0.06490384615384616 0.07932692307692307
0 0.7668269230769231 0.10817307692307693 0.05048076923076923 0.07211538461538461