0 0.010817307692307692 0.5180288461538461 0.021634615384615384 0.0985576923076923
0 0.09495192307692307 0.4879807692307692 0.08413461538461539 0.16346153846153846
0 0.19951923076923078 0.5084134615384616 0.057692307692307696 0.0985576923076923
0 0.2668269230769231 0.4987980769230769 0.07451923076923077 0.1346153846153846
1 0.3401442307692308 0.5240384615384616 0.040865384615384616 0.0889423076923077
0 0.3798076923076923 0.49278846153846156 0.06009615384615385 0.11778846153846154
0 0.4182692307692308 0.5060096153846154 0.036057692307692304 0.08173076923076923
1 0.4951923076923077 0.5228365384615384 0.028846153846153848 0.07932692307692307
0 0.5300480769230769 0.5264423076923077 0.05048076923076923 0.09134615384615384
1 0.6141826923076923 0.49759615384615385 0.05048076923076923 0.10336538461538461
1 0.7560096153846154 0.5216346153846154 0.05048076923076923 0.08413461538461539