1 0.04807692307692308 0.29447115384615385 0.09615384615384616 0.18990384615384615
1 0.8425480769230769 0.26322115384615385 0.08413461538461539 0.14903846153846154
1 0.6574519230769231 0.25 0.11057692307692307 0.1875
1 0.32572115384615385 0.2860576923076923 0.09615384615384616 0.16105769230769232
1 0.9615384615384616 0.27884615384615385 0.06009615384615385 0.18509615384615385
1 0.390625 0.2980769230769231 0.0673076923076923 0.1201923076923077
1 0.18870192307692307 0.32572115384615385 0.0625 0.1201923076923077
1 0.44471153846153844 0.3161057692307692 0.0673076923076923 0.13221153846153846
1 0.6225961538461539 0.2644230769230769 0.07211538461538461 0.15384615384615385
1 0.49759615384615385 0.3317307692307692 0.04807692307692308 0.09615384615384616
0 0.5516826923076923 0.30408653846153844 0.05048076923076923 0.0985576923076923
1 0.2548076923076923 0.3485576923076923 0.04807692307692308 0.08173076923076923
1 0.02283653846153846 0.3425480769230769 0.04567307692307692 0.12740384615384615