1 0.36778846153846156 0.19591346153846154 0.08413461538461539 0.13701923076923078
1 0.5877403846153846 0.18629807692307693 0.07932692307692307 0.11057692307692307
1 0.20192307692307693 0.2932692307692308 0.10817307692307693 0.1778846153846154
1 0.9146634615384616 0.21995192307692307 0.14182692307692307 0.2403846153846154
1 0.026442307692307692 0.28125 0.052884615384615384 0.10096153846153846
1 0.7019230769230769 0.19831730769230768 0.05048076923076923 0.07692307692307693
1 0.7379807692307693 0.16826923076923078 0.040865384615384616 0.0673076923076923
0 0.625 0.1971153846153846 0.038461538461538464 0.07211538461538461
1 0.5420673076923077 0.20673076923076922 0.04326923076923077 0.09134615384615384
1 0.49038461538461536 0.20673076923076922 0.040865384615384616 0.07211538461538461
1 0.4567307692307692 0.20793269230769232 0.04807692307692308 0.08173076923076923
0 0.8149038461538461 0.17067307692307693 0.04567307692307692 0.052884615384615384
1 0.7860576923076923 0.15264423076923078 0.038461538461538464 0.055288461538461536
0 0.13822115384615385 0.28966346153846156 0.0625 0.12740384615384615
1 0.24519230769230768 0.19831730769230768 0.038461538461538464 0.057692307692307696