0 0.09254807692307693 0.25721153846153844 0.08173076923076923 0.125
0 0.21754807692307693 0.22115384615384615 0.08173076923076923 0.1201923076923077
0 0.27283653846153844 0.15384615384615385 0.0673076923076923 0.11298076923076923
0 0.34134615384615385 0.24639423076923078 0.07932692307692307 0.1201923076923077
0 0.40384615384615385 0.22355769230769232 0.07211538461538461 0.11778846153846154
0 0.4723557692307692 0.16826923076923078 0.0625 0.08413461538461539
0 0.5120192307692307 0.27283653846153844 0.07692307692307693 0.10336538461538461
0 0.5456730769230769 0.20673076923076922 0.0625 0.10336538461538461
0 0.6538461538461539 0.22115384615384615 0.07211538461538461 0.10096153846153846
0 0.8317307692307693 0.38822115384615385 0.0673076923076923 0.09375
0 0.7055288461538461 0.23317307692307693 0.06490384615384616 0.10336538461538461
0 0.9663461538461539 0.36177884615384615 0.0673076923076923 0.14182692307692307
0 0.8762019230769231 0.30288461538461536 0.0673076923076923 0.10096153846153846
0 0.8088942307692307 0.2512019230769231 0.07932692307692307 0.11298076923076923
0 0.8137019230769231 0.16947115384615385 0.057692307692307696 0.08413461538461539
0 0.8870192307692307 0.21153846153846154 0.0673076923076923 0.09375