1 0.6911057692307693 0.6598557692307693 0.09134615384615384 0.15144230769230768
1 0.8978365384615384 0.5216346153846154 0.07932692307692307 0.13942307692307693
1 0.4987980769230769 0.6887019230769231 0.10336538461538461 0.16826923076923078
1 0.7403846153846154 0.6081730769230769 0.07692307692307693 0.125
1 0.9483173076923077 0.4951923076923077 0.07211538461538461 0.12740384615384615
1 0.15745192307692307 0.5528846153846154 0.07692307692307693 0.13221153846153846
1 0.17067307692307693 0.7043269230769231 0.07692307692307693 0.12740384615384615
1 0.6117788461538461 0.5372596153846154 0.07211538461538461 0.11298076923076923
1 0.2704326923076923 0.7980769230769231 0.10817307692307693 0.20192307692307693
1 0.7728365384615384 0.48677884615384615 0.07692307692307693 0.14182692307692307
1 0.5288461538461539 0.6009615384615384 0.08173076923076923 0.11298076923076923
1 0.2824519230769231 0.6298076923076923 0.06490384615384616 0.11298076923076923
1 0.5432692307692307 0.5072115384615384 0.0625 0.09615384615384616
1 0.4375 0.4699519230769231 0.06009615384615385 0.0985576923076923
1 0.41225961538461536 0.6033653846153846 0.06490384615384616 0.10096153846153846