1 0.42908653846153844 0.1778846153846154 0.09134615384615384 0.14182692307692307
1 0.6502403846153846 0.21394230769230768 0.08413461538461539 0.11538461538461539
1 0.2439903846153846 0.2403846153846154 0.11778846153846154 0.18269230769230768
1 0.9459134615384616 0.31850961538461536 0.10817307692307693 0.24759615384615385
1 0.06610576923076923 0.18990384615384615 0.06971153846153846 0.10576923076923077
1 0.7620192307692307 0.2536057692307692 0.055288461538461536 0.08173076923076923
1 0.8028846153846154 0.22956730769230768 0.04567307692307692 0.06971153846153846
0 0.6862980769230769 0.234375 0.040865384615384616 0.07451923076923077
1 0.6009615384615384 0.22716346153846154 0.04567307692307692 0.09375
1 0.5492788461538461 0.21514423076923078 0.04567307692307692 0.07451923076923077
1 0.5144230769230769 0.21033653846153846 0.05048076923076923 0.08413461538461539
0 0.8822115384615384 0.24879807692307693 0.04807692307692308 0.057692307692307696
1 0.8557692307692307 0.22355769230769232 0.040865384615384616 0.057692307692307696
0 0.18028846153846154 0.22355769230769232 0.06971153846153846 0.12980769230769232
1 0.30649038461538464 0.15504807692307693 0.040865384615384616 0.06009615384615385