1 0.734375 0.38341346153846156 0.0625 0.1201923076923077
1 0.4987980769230769 0.41346153846153844 0.05048076923076923 0.09615384615384616
0 0.7944711538461539 0.43149038461538464 0.07932692307692307 0.13221153846153846
0 0.29086538461538464 0.41225961538461536 0.07211538461538461 0.13942307692307693
0 0.05889423076923077 0.35336538461538464 0.11778846153846154 0.21634615384615385
0 0.39903846153846156 0.421875 0.07211538461538461 0.1201923076923077
0 0.15985576923076922 0.4206730769230769 0.06490384615384616 0.125
0 0.8569711538461539 0.421875 0.0625 0.10336538461538461
0 0.6105769230769231 0.44591346153846156 0.057692307692307696 0.11298076923076923
0 0.23557692307692307 0.43990384615384615 0.05048076923076923 0.09375
0 0.3329326923076923 0.4254807692307692 0.040865384615384616 0.09615384615384616
0 0.9170673076923077 0.4495192307692308 0.04807692307692308 0.0889423076923077
0 0.6478365384615384 0.47596153846153844 0.052884615384615384 0.09615384615384616
0 0.5685096153846154 0.4014423076923077 0.038461538461538464 0.07211538461538461
0 0.5456730769230769 0.4579326923076923 0.04807692307692308 0.08173076923076923
0 0.19471153846153846 0.4519230769230769 0.040865384615384616 0.0985576923076923
0 0.4675480769230769 0.46153846153846156 0.04567307692307692 0.08173076923076923