1 0.2932692307692308 0.1971153846153846 0.06009615384615385 0.09134615384615384
1 0.671875 0.1875 0.06490384615384616 0.11057692307692307
1 0.07932692307692307 0.21514423076923078 0.05048076923076923 0.0985576923076923
1 0.15384615384615385 0.2548076923076923 0.04567307692307692 0.08413461538461539
1 0.1778846153846154 0.21875 0.038461538461538464 0.07211538461538461
1 0.8353365384615384 0.37259615384615385 0.08173076923076923 0.15144230769230768
1 0.7019230769230769 0.203125 0.04326923076923077 0.10096153846153846
1 0.5901442307692307 0.22235576923076922 0.055288461538461536 0.10336538461538461
1 0.41346153846153844 0.2283653846153846 0.055288461538461536 0.10576923076923077
1 0.46033653846153844 0.25841346153846156 0.0625 0.10096153846153846
1 0.5168269230769231 0.2536057692307692 0.03125 0.0625
1 0.028846153846153848 0.20072115384615385 0.026442307692307692 0.0889423076923077