1 0.6875 0.1778846153846154 0.06490384615384616 0.09134615384615384
1 0.3233173076923077 0.09014423076923077 0.06971153846153846 0.11298076923076923
1 0.890625 0.23798076923076922 0.055288461538461536 0.10096153846153846
1 0.8112980769230769 0.2608173076923077 0.05048076923076923 0.08413461538461539
1 0.796875 0.22115384615384615 0.040865384615384616 0.07211538461538461
1 0.12980769230769232 0.23557692307692307 0.0889423076923077 0.15144230769230768
1 0.2932692307692308 0.0985576923076923 0.05048076923076923 0.10336538461538461
1 0.39663461538461536 0.13942307692307693 0.0625 0.10336538461538461
1 0.5661057692307693 0.1814903846153846 0.0625 0.10817307692307693
1 0.5144230769230769 0.20072115384615385 0.0673076923076923 0.10096153846153846
1 0.46033653846153844 0.18509615384615385 0.03365384615384615 0.0625
1 0.9555288461538461 0.23677884615384615 0.06009615384615385 0.09375