1 0.33052884615384615 0.18870192307692307 0.08653846153846154 0.1466346153846154
1 0.5733173076923077 0.19110576923076922 0.08173076923076923 0.1201923076923077
1 0.14302884615384615 0.2860576923076923 0.11057692307692307 0.18990384615384615
1 0.9278846153846154 0.24639423076923078 0.13701923076923078 0.25961538461538464
1 0.6983173076923077 0.21153846153846154 0.052884615384615384 0.08413461538461539
1 0.7391826923076923 0.18028846153846154 0.04326923076923077 0.07211538461538461
0 0.6153846153846154 0.20673076923076922 0.038461538461538464 0.07932692307692307
1 0.5228365384615384 0.21033653846153846 0.040865384615384616 0.10096153846153846
1 0.4651442307692308 0.20793269230769232 0.04326923076923077 0.07932692307692307
1 0.4266826923076923 0.20793269230769232 0.04807692307692308 0.08653846153846154
0 0.8257211538461539 0.1875 0.04807692307692308 0.057692307692307696
1 0.7932692307692307 0.1658653846153846 0.040865384615384616 0.06009615384615385
0 0.07211538461538461 0.2776442307692308 0.0625 0.13701923076923078
1 0.19591346153846154 0.18509615384615385 0.040865384615384616 0.0625