1 0.8185096153846154 0.4675480769230769 0.0673076923076923 0.0985576923076923
1 0.6694711538461539 0.47475961538461536 0.04326923076923077 0.0625
1 0.6237980769230769 0.47716346153846156 0.03365384615384615 0.06009615384615385
1 0.5048076923076923 0.4699519230769231 0.04567307692307692 0.07451923076923077
1 0.4050480769230769 0.484375 0.04807692307692308 0.07932692307692307
1 0.2920673076923077 0.4891826923076923 0.052884615384615384 0.09134615384615384
1 0.12379807692307693 0.46875 0.057692307692307696 0.09375
1 0.2548076923076923 0.47716346153846156 0.057692307692307696 0.09375
1 0.18629807692307693 0.4987980769230769 0.04567307692307692 0.07932692307692307
1 0.7211538461538461 0.4326923076923077 0.057692307692307696 0.08413461538461539
1 0.6165865384615384 0.4519230769230769 0.040865384615384616 0.05048076923076923