1 0.07572115384615384 0.24639423076923078 0.08173076923076923 0.15144230769230768
1 0.8377403846153846 0.32211538461538464 0.08173076923076923 0.1466346153846154
1 0.9423076923076923 0.33052884615384615 0.08173076923076923 0.15144230769230768
1 0.7331730769230769 0.30408653846153844 0.07692307692307693 0.1346153846153846
1 0.5612980769230769 0.30649038461538464 0.07451923076923077 0.12980769230769232
1 0.32091346153846156 0.2620192307692308 0.07692307692307693 0.1201923076923077
1 0.2283653846153846 0.296875 0.07451923076923077 0.12259615384615384
1 0.6514423076923077 0.3269230769230769 0.07932692307692307 0.1346153846153846
1 0.171875 0.26802884615384615 0.0673076923076923 0.12740384615384615
1 0.47716346153846156 0.29086538461538464 0.0673076923076923 0.12259615384615384
1 0.39302884615384615 0.31971153846153844 0.0673076923076923 0.12259615384615384