0 0.9338942307692307 0.2800480769230769 0.07451923076923077 0.125
0 0.8052884615384616 0.22956730769230768 0.07451923076923077 0.12259615384615384
0 0.7536057692307693 0.15264423076923078 0.0625 0.11538461538461539
0 0.6730769230769231 0.24519230769230768 0.07211538461538461 0.12259615384615384
0 0.609375 0.21514423076923078 0.0673076923076923 0.11778846153846154
0 0.5408653846153846 0.15144230769230768 0.057692307692307696 0.08413461538461539
0 0.49158653846153844 0.25721153846153844 0.07211538461538461 0.10576923076923077
0 0.46274038461538464 0.18389423076923078 0.055288461538461536 0.10576923076923077
0 0.34615384615384615 0.18870192307692307 0.0673076923076923 0.10096153846153846
0 0.14302884615384615 0.34975961538461536 0.0625 0.09375
0 0.29086538461538464 0.19831730769230768 0.057692307692307696 0.10576923076923077
0 0.016826923076923076 0.3076923076923077 0.03365384615384615 0.14423076923076922
0 0.1045673076923077 0.2548076923076923 0.0625 0.10096153846153846
0 0.18028846153846154 0.20673076923076922 0.07451923076923077 0.11538461538461539
0 0.18389423076923078 0.12139423076923077 0.055288461538461536 0.08413461538461539
0 0.10336538461538461 0.15865384615384615 0.0625 0.09375