1 0.6923076923076923 0.19591346153846154 0.055288461538461536 0.08173076923076923
1 0.34375 0.1502403846153846 0.055288461538461536 0.10096153846153846
1 0.8882211538461539 0.23197115384615385 0.04326923076923077 0.09134615384615384
1 0.8161057692307693 0.2620192307692308 0.040865384615384616 0.07451923076923077
1 0.7980769230769231 0.22716346153846154 0.03365384615384615 0.06490384615384616
1 0.1778846153846154 0.30528846153846156 0.06971153846153846 0.13701923076923078
1 0.3161057692307692 0.16105769230769232 0.038461538461538464 0.09375
1 0.4170673076923077 0.18990384615384615 0.04807692307692308 0.09375
1 0.5793269230769231 0.2127403846153846 0.04807692307692308 0.09615384615384616
1 0.5336538461538461 0.23557692307692307 0.055288461538461536 0.09134615384615384
1 0.4807692307692308 0.22596153846153846 0.026442307692307692 0.055288461538461536
1 0.9483173076923077 0.22596153846153846 0.04807692307692308 0.08413461538461539