1 0.07091346153846154 0.484375 0.1346153846153846 0.1875
1 0.9423076923076923 0.43509615384615385 0.052884615384615384 0.0673076923076923
1 0.8954326923076923 0.4375 0.04326923076923077 0.0625
1 0.3473557692307692 0.47115384615384615 0.09375 0.14182692307692307
1 0.39783653846153844 0.48197115384615385 0.06490384615384616 0.11057692307692307
1 0.453125 0.48197115384615385 0.057692307692307696 0.08653846153846154
1 0.48197115384615385 0.45552884615384615 0.052884615384615384 0.09134615384615384
1 0.5961538461538461 0.4855769230769231 0.052884615384615384 0.06971153846153846
1 0.6478365384615384 0.4735576923076923 0.04807692307692308 0.07211538461538461
1 0.7235576923076923 0.4579326923076923 0.052884615384615384 0.07932692307692307
1 0.7884615384615384 0.46153846153846156 0.028846153846153848 0.04807692307692308
1 0.8497596153846154 0.44471153846153844 0.04326923076923077 0.06490384615384616
1 0.8233173076923077 0.44591346153846156 0.03365384615384615 0.06009615384615385
0 0.5528846153846154 0.46634615384615385 0.038461538461538464 0.0625
0 0.5048076923076923 0.49038461538461536 0.036057692307692304 0.052884615384615384