1 0.026442307692307692 0.2776442307692308 0.052884615384615384 0.17307692307692307
1 0.9783653846153846 0.34975961538461536 0.04326923076923077 0.14423076923076922
1 0.22235576923076922 0.3173076923076923 0.0625 0.13942307692307693
1 0.11899038461538461 0.3125 0.0625 0.14423076923076922
1 0.3293269230769231 0.3161057692307692 0.057692307692307696 0.12740384615384615
1 0.4987980769230769 0.3401442307692308 0.057692307692307696 0.125
1 0.7427884615384616 0.33052884615384615 0.0625 0.11298076923076923
1 0.8293269230769231 0.37740384615384615 0.057692307692307696 0.11538461538461539
1 0.40625 0.34975961538461536 0.0625 0.12740384615384615
1 0.8894230769230769 0.35697115384615385 0.052884615384615384 0.1201923076923077
1 0.5841346153846154 0.33653846153846156 0.05048076923076923 0.11538461538461539
1 0.6646634615384616 0.37740384615384615 0.05048076923076923 0.11538461538461539