1 0.3125 0.6875 0.08413461538461539 0.14903846153846154
1 0.08653846153846154 0.5841346153846154 0.07211538461538461 0.1346153846153846
1 0.5048076923076923 0.6850961538461539 0.09375 0.16346153846153846
1 0.2548076923076923 0.6442307692307693 0.07211538461538461 0.1201923076923077
1 0.03365384615384615 0.5661057692307693 0.06490384615384616 0.125
1 0.8197115384615384 0.5 0.06971153846153846 0.12740384615384615
1 0.8305288461538461 0.6502403846153846 0.06971153846153846 0.125
1 0.3713942307692308 0.5564903846153846 0.06490384615384616 0.10817307692307693
1 0.7475961538461539 0.7584134615384616 0.0985576923076923 0.1971153846153846
1 0.20432692307692307 0.53125 0.06971153846153846 0.13942307692307693
1 0.46153846153846156 0.6045673076923077 0.07692307692307693 0.10817307692307693
1 0.7079326923076923 0.5949519230769231 0.057692307692307696 0.10817307692307693
1 0.4338942307692308 0.5144230769230769 0.057692307692307696 0.09375
1 0.5300480769230769 0.46274038461538464 0.055288461538461536 0.0985576923076923
1 0.578125 0.5889423076923077 0.06009615384615385 0.0985576923076923