1 0.8990384615384616 0.4230769230769231 0.11057692307692307 0.16826923076923078
1 0.06129807692307692 0.5072115384615384 0.04567307692307692 0.06009615384615385
1 0.10576923076923077 0.5036057692307693 0.036057692307692304 0.057692307692307696
1 0.6322115384615384 0.453125 0.07451923076923077 0.12980769230769232
1 0.5865384615384616 0.4699519230769231 0.05048076923076923 0.10096153846153846
1 0.5348557692307693 0.47836538461538464 0.04567307692307692 0.07932692307692307
1 0.5024038461538461 0.4579326923076923 0.04326923076923077 0.08413461538461539
1 0.39783653846153844 0.5024038461538461 0.04326923076923077 0.0625
1 0.3473557692307692 0.5 0.038461538461538464 0.06490384615384616
1 0.27283653846153844 0.4951923076923077 0.04326923076923077 0.06971153846153846
1 0.21153846153846154 0.5096153846153846 0.02403846153846154 0.04326923076923077
1 0.1502403846153846 0.5036057692307693 0.036057692307692304 0.06009615384615385
1 0.17668269230769232 0.5012019230769231 0.02403846153846154 0.055288461538461536
0 0.4362980769230769 0.47836538461538464 0.03125 0.057692307692307696
0 0.4855769230769231 0.4951923076923077 0.028846153846153848 0.04807692307692308