1 0.24278846153846154 0.43509615384615385 0.07451923076923077 0.125
1 0.47836538461538464 0.41586538461538464 0.057692307692307696 0.0985576923076923
0 0.19230769230769232 0.4951923076923077 0.09134615384615384 0.13942307692307693
0 0.6826923076923077 0.3713942307692308 0.08653846153846154 0.14423076923076922
0 0.9038461538461539 0.265625 0.15625 0.22596153846153846
0 0.5769230769230769 0.40384615384615385 0.08413461538461539 0.12740384615384615
0 0.8125 0.35216346153846156 0.07692307692307693 0.12980769230769232
0 0.12980769230769232 0.4987980769230769 0.07211538461538461 0.10817307692307693
0 0.37740384615384615 0.47115384615384615 0.06971153846153846 0.11538461538461539
0 0.7427884615384616 0.3870192307692308 0.06009615384615385 0.0985576923076923
0 0.6454326923076923 0.39302884615384615 0.05048076923076923 0.0985576923076923
0 0.078125 0.5372596153846154 0.057692307692307696 0.09375
0 0.34615384615384615 0.5072115384615384 0.0625 0.10096153846153846
0 0.4074519230769231 0.4182692307692308 0.04567307692307692 0.07451923076923077
0 0.4411057692307692 0.46875 0.055288461538461536 0.08413461538461539
0 0.7848557692307693 0.390625 0.05048076923076923 0.10096153846153846
0 0.5204326923076923 0.4567307692307692 0.052884615384615384 0.08413461538461539