1 0.08413461538461539 0.3629807692307692 0.12980769230769232 0.18509615384615385
1 0.9435096153846154 0.5276442307692307 0.052884615384615384 0.06490384615384616
1 0.8954326923076923 0.5168269230769231 0.040865384615384616 0.0625
1 0.3557692307692308 0.4182692307692308 0.0889423076923077 0.13942307692307693
1 0.4026442307692308 0.43990384615384615 0.06009615384615385 0.10817307692307693
1 0.4567307692307692 0.4543269230769231 0.052884615384615384 0.08653846153846154
1 0.49038461538461536 0.43509615384615385 0.05048076923076923 0.09134615384615384
1 0.5949519230769231 0.49158653846153844 0.05048076923076923 0.06971153846153846
1 0.6466346153846154 0.49278846153846156 0.04567307692307692 0.07211538461538461
1 0.7235576923076923 0.4951923076923077 0.05048076923076923 0.07692307692307693
1 0.7872596153846154 0.515625 0.026442307692307692 0.04567307692307692
1 0.8497596153846154 0.5144230769230769 0.04326923076923077 0.06490384615384616
1 0.8245192307692307 0.5084134615384616 0.03125 0.057692307692307696
0 0.5588942307692307 0.46274038461538464 0.036057692307692304 0.0625
0 0.5048076923076923 0.47475961538461536 0.03365384615384615 0.052884615384615384