1 0.03365384615384615 0.3125 0.0673076923076923 0.17307692307692307
1 0.9675480769230769 0.3329326923076923 0.055288461538461536 0.13942307692307693
1 0.23076923076923078 0.34134615384615385 0.0673076923076923 0.13701923076923078
1 0.12980769230769232 0.3401442307692308 0.0673076923076923 0.14182692307692307
1 0.33413461538461536 0.3329326923076923 0.0625 0.12740384615384615
1 0.4987980769230769 0.3485576923076923 0.0625 0.12259615384615384
1 0.7355769230769231 0.3269230769230769 0.0673076923076923 0.11298076923076923
1 0.8221153846153846 0.36778846153846156 0.0625 0.11538461538461539
1 0.4110576923076923 0.3629807692307692 0.06490384615384616 0.12740384615384615
1 0.8786057692307693 0.3449519230769231 0.057692307692307696 0.1201923076923077
1 0.5817307692307693 0.3401442307692308 0.052884615384615384 0.11538461538461539
1 0.6622596153846154 0.3762019230769231 0.052884615384615384 0.11538461538461539