1 0.7115384615384616 0.7019230769230769 0.08653846153846154 0.15384615384615385
1 0.9435096153846154 0.5949519230769231 0.07451923076923077 0.13942307692307693
1 0.515625 0.7007211538461539 0.09615384615384616 0.16826923076923078
1 0.7716346153846154 0.6574519230769231 0.07451923076923077 0.125
1 0.9819711538461539 0.5757211538461539 0.036057692307692304 0.12740384615384615
1 0.19230769230769232 0.5096153846153846 0.07211538461538461 0.13221153846153846
1 0.1814903846153846 0.6634615384615384 0.07211538461538461 0.12740384615384615
1 0.6514423076923077 0.5673076923076923 0.0673076923076923 0.11298076923076923
1 0.2668269230769231 0.7752403846153846 0.10096153846153846 0.20432692307692307
1 0.8245192307692307 0.5408653846153846 0.07211538461538461 0.14423076923076922
1 0.5588942307692307 0.6165865384615384 0.07692307692307693 0.11298076923076923
1 0.30649038461538464 0.6081730769230769 0.06009615384615385 0.11298076923076923
1 0.5877403846153846 0.5240384615384616 0.06009615384615385 0.09615384615384616
1 0.4879807692307692 0.4699519230769231 0.057692307692307696 0.10096153846153846
1 0.4411057692307692 0.6009615384615384 0.0625 0.10096153846153846