0 0.9146634615384616 0.27884615384615385 0.08173076923076923 0.125
0 0.7872596153846154 0.23798076923076922 0.07932692307692307 0.12259615384615384
0 0.7307692307692307 0.16826923076923078 0.0673076923076923 0.11538461538461539
0 0.6586538461538461 0.2620192307692308 0.07692307692307693 0.12259615384615384
0 0.5949519230769231 0.23798076923076922 0.07211538461538461 0.1201923076923077
0 0.5240384615384616 0.18028846153846154 0.0625 0.08653846153846154
0 0.4831730769230769 0.2860576923076923 0.07692307692307693 0.10576923076923077
0 0.45072115384615385 0.21754807692307693 0.0625 0.10576923076923077
0 0.3389423076923077 0.23076923076923078 0.07211538461538461 0.10336538461538461
0 0.15384615384615385 0.40024038461538464 0.0673076923076923 0.09375
0 0.2860576923076923 0.24278846153846154 0.06490384615384616 0.10576923076923077
0 0.02403846153846154 0.3701923076923077 0.04807692307692308 0.14423076923076922
0 0.109375 0.31009615384615385 0.0673076923076923 0.10336538461538461
0 0.18028846153846154 0.25841346153846156 0.07932692307692307 0.11538461538461539
0 0.17548076923076922 0.17548076923076922 0.057692307692307696 0.08413461538461539
0 0.10096153846153846 0.21754807692307693 0.0673076923076923 0.09375