1 0.16947115384615385 0.47115384615384615 0.0625 0.0985576923076923
1 0.32211538461538464 0.4699519230769231 0.040865384615384616 0.0625
1 0.36899038461538464 0.47115384615384615 0.03125 0.06009615384615385
1 0.49158653846153844 0.4567307692307692 0.04326923076923077 0.07451923076923077
1 0.59375 0.46634615384615385 0.04567307692307692 0.08173076923076923
1 0.7091346153846154 0.4651442307692308 0.05048076923076923 0.0889423076923077
1 0.8798076923076923 0.43509615384615385 0.055288461538461536 0.09375
1 0.7451923076923077 0.4519230769230769 0.055288461538461536 0.09375
1 0.8173076923076923 0.4699519230769231 0.04326923076923077 0.08173076923076923
1 0.265625 0.43028846153846156 0.055288461538461536 0.08413461538461539
1 0.375 0.44471153846153844 0.040865384615384616 0.05048076923076923