1 0.27884615384615385 0.4375 0.07692307692307693 0.13701923076923078
1 0.5408653846153846 0.4254807692307692 0.0625 0.11057692307692307
0 0.22235576923076922 0.5012019230769231 0.0985576923076923 0.15384615384615385
0 0.7668269230769231 0.38461538461538464 0.09134615384615384 0.15865384615384615
0 0.9615384615384616 0.2824519230769231 0.06009615384615385 0.23317307692307693
0 0.6490384615384616 0.41586538461538464 0.0889423076923077 0.13942307692307693
0 0.9098557692307693 0.36899038461538464 0.08173076923076923 0.14182692307692307
0 0.15264423076923078 0.5036057692307693 0.07451923076923077 0.11778846153846154
0 0.4266826923076923 0.48197115384615385 0.07211538461538461 0.12740384615384615
0 0.8317307692307693 0.4050480769230769 0.0625 0.10576923076923077
0 0.7235576923076923 0.4074519230769231 0.052884615384615384 0.10817307692307693
0 0.09375 0.5444711538461539 0.06009615384615385 0.10336538461538461
0 0.3918269230769231 0.5216346153846154 0.06490384615384616 0.11057692307692307
0 0.46274038461538464 0.42427884615384615 0.04567307692307692 0.08173076923076923
0 0.49759615384615385 0.4831730769230769 0.06009615384615385 0.09375
0 0.8786057692307693 0.4098557692307692 0.052884615384615384 0.11057692307692307
0 0.5841346153846154 0.4723557692307692 0.055288461538461536 0.09134615384615384