1 0.18990384615384615 0.4723557692307692 0.06490384615384616 0.0985576923076923
1 0.34615384615384615 0.46875 0.040865384615384616 0.0625
1 0.3954326923076923 0.46875 0.03125 0.0625
1 0.5204326923076923 0.4519230769230769 0.04326923076923077 0.07692307692307693
1 0.6262019230769231 0.45913461538461536 0.04567307692307692 0.08173076923076923
1 0.7451923076923077 0.4567307692307692 0.05048076923076923 0.09134615384615384
1 0.9194711538461539 0.421875 0.055288461538461536 0.09615384615384616
1 0.7824519230769231 0.4411057692307692 0.055288461538461536 0.09615384615384616
1 0.8569711538461539 0.46033653846153844 0.04326923076923077 0.08173076923076923
1 0.28846153846153844 0.42788461538461536 0.055288461538461536 0.08653846153846154
1 0.39903846153846156 0.43990384615384615 0.040865384615384616 0.05048076923076923