1 0.06009615384615385 0.2692307692307692 0.1201923076923077 0.2980769230769231
1 0.4338942307692308 0.28725961538461536 0.10576923076923077 0.20192307692307693
1 0.7764423076923077 0.24879807692307693 0.10576923076923077 0.1875
1 0.8954326923076923 0.24879807692307693 0.11778846153846154 0.1875
1 0.35096153846153844 0.30288461538461536 0.0625 0.11778846153846154
1 0.6490384615384616 0.24158653846153846 0.07211538461538461 0.1346153846153846
1 0.7259615384615384 0.27884615384615385 0.04807692307692308 0.11298076923076923
1 0.5757211538461539 0.2800480769230769 0.06009615384615385 0.11057692307692307
0 0.16706730769230768 0.34975961538461536 0.05048076923076923 0.09375
1 0.10096153846153846 0.3786057692307692 0.052884615384615384 0.11298076923076923
0 0.9723557692307693 0.24879807692307693 0.026442307692307692 0.125