1 0.7259615384615384 0.2512019230769231 0.2403846153846154 0.36538461538461536
1 0.36538461538461536 0.4963942307692308 0.08653846153846154 0.125
1 0.16346153846153846 0.48677884615384615 0.12259615384615384 0.19471153846153846
1 0.24759615384615385 0.5084134615384616 0.10817307692307693 0.18028846153846154
1 0.5 0.4651442307692308 0.06490384615384616 0.09134615384615384
1 0.09254807692307693 0.4254807692307692 0.07451923076923077 0.12740384615384615
1 0.4387019230769231 0.49158653846153844 0.07932692307692307 0.11057692307692307
1 0.6550480769230769 0.3401442307692308 0.0985576923076923 0.14423076923076922
1 0.3293269230769231 0.4423076923076923 0.04567307692307692 0.06009615384615385
0 0.015625 0.47836538461538464 0.03125 0.10576923076923077
0 0.02283653846153846 0.3954326923076923 0.04567307692307692 0.0985576923076923