0 0.8894230769230769 0.2800480769230769 0.08173076923076923 0.15865384615384615
0 0.29447115384615385 0.3233173076923077 0.09615384615384616 0.15865384615384615
0 0.5384615384615384 0.30408653846153844 0.08413461538461539 0.14903846153846154
0 0.021634615384615384 0.3161057692307692 0.04326923076923077 0.18990384615384615
0 0.8257211538461539 0.3425480769230769 0.1346153846153846 0.2403846153846154
0 0.08533653846153846 0.3629807692307692 0.14182692307692307 0.23557692307692307
0 0.4639423076923077 0.3389423076923077 0.10336538461538461 0.17067307692307693
0 0.20673076923076922 0.2668269230769231 0.125 0.23317307692307693
0 0.6887019230769231 0.2932692307692308 0.11298076923076923 0.2091346153846154
0 0.35096153846153844 0.3137019230769231 0.0673076923076923 0.11538461538461539
0 0.6225961538461539 0.30408653846153844 0.06009615384615385 0.1201923076923077