1 0.6538461538461539 0.3918269230769231 0.09375 0.16346153846153846
1 0.3016826923076923 0.4639423076923077 0.08173076923076923 0.13942307692307693
1 0.8846153846153846 0.39783653846153844 0.07692307692307693 0.1346153846153846
1 0.9483173076923077 0.41225961538461536 0.07211538461538461 0.11298076923076923
1 0.48197115384615385 0.4230769230769231 0.06490384615384616 0.10817307692307693
1 0.35697115384615385 0.5096153846153846 0.052884615384615384 0.09134615384615384
1 0.125 0.5204326923076923 0.04807692307692308 0.08653846153846154
1 0.05048076923076923 0.5504807692307693 0.057692307692307696 0.08413461538461539
1 0.08774038461538461 0.5300480769230769 0.04807692307692308 0.10096153846153846
1 0.5865384615384616 0.4855769230769231 0.038461538461538464 0.07211538461538461
1 0.3954326923076923 0.4879807692307692 0.03365384615384615 0.0625
1 0.8389423076923077 0.43149038461538464 0.03125 0.06009615384615385
1 0.7103365384615384 0.44350961538461536 0.02403846153846154 0.04326923076923077