1 0.04567307692307692 0.24278846153846154 0.06490384615384616 0.12259615384615384
0 0.2920673076923077 0.234375 0.08173076923076923 0.15144230769230768
0 0.4651442307692308 0.2668269230769231 0.07932692307692307 0.14423076923076922
0 0.8016826923076923 0.25841346153846156 0.06490384615384616 0.15625
0 0.6153846153846154 0.25 0.055288461538461536 0.13221153846153846
1 0.5276442307692307 0.24158653846153846 0.028846153846153848 0.07692307692307693
1 0.3581730769230769 0.24158653846153846 0.038461538461538464 0.09615384615384616
1 0.5612980769230769 0.24278846153846154 0.036057692307692304 0.09375
1 0.7487980769230769 0.2548076923076923 0.03365384615384615 0.08173076923076923
0 0.8978365384615384 0.25961538461538464 0.040865384615384616 0.0985576923076923
0 0.109375 0.2512019230769231 0.04567307692307692 0.08653846153846154
0 0.007211538461538462 0.2620192307692308 0.014423076923076924 0.08653846153846154
0 0.1466346153846154 0.24519230769230768 0.026442307692307692 0.0625