1 0.6334134615384616 0.8641826923076923 0.04567307692307692 0.06490384615384616
1 0.17067307692307693 0.4495192307692308 0.04807692307692308 0.06009615384615385
1 0.5396634615384616 0.6959134615384616 0.04326923076923077 0.04326923076923077
1 0.6454326923076923 0.7151442307692307 0.05048076923076923 0.06490384615384616
1 0.5600961538461539 0.6550480769230769 0.040865384615384616 0.052884615384615384
1 0.5336538461538461 0.3942307692307692 0.04807692307692308 0.06490384615384616
1 0.42788461538461536 0.23677884615384615 0.05048076923076923 0.06009615384615385
1 0.40384615384615385 0.37740384615384615 0.05048076923076923 0.0673076923076923
1 0.5637019230769231 0.22716346153846154 0.036057692307692304 0.05048076923076923
1 0.5324519230769231 0.19831730769230768 0.04807692307692308 0.06009615384615385
1 0.4879807692307692 0.1814903846153846 0.04326923076923077 0.06971153846153846