1 0.9747596153846154 0.27524038461538464 0.05048076923076923 0.12740384615384615
0 0.7439903846153846 0.2403846153846154 0.09615384615384616 0.15625
0 0.5673076923076923 0.2536057692307692 0.09375 0.15144230769230768
0 0.22956730769230768 0.2091346153846154 0.08173076923076923 0.16105769230769232
0 0.41947115384615385 0.21995192307692307 0.06971153846153846 0.13701923076923078
1 0.5072115384615384 0.22235576923076922 0.038461538461538464 0.07932692307692307
1 0.6778846153846154 0.23918269230769232 0.04807692307692308 0.10096153846153846
1 0.4735576923076923 0.21995192307692307 0.04567307692307692 0.09615384615384616
1 0.2848557692307692 0.2127403846153846 0.04326923076923077 0.08653846153846154
0 0.13581730769230768 0.20072115384615385 0.05048076923076923 0.10096153846153846
0 0.9266826923076923 0.2764423076923077 0.052884615384615384 0.09134615384615384
0 0.8882211538461539 0.265625 0.03365384615384615 0.06490384615384616