0 0.09375 0.32211538461538464 0.07692307692307693 0.15865384615384615
0 0.6862980769230769 0.3016826923076923 0.0889423076923077 0.15625
0 0.44350961538461536 0.31009615384615385 0.07932692307692307 0.1466346153846154
0 0.9663461538461539 0.2644230769230769 0.057692307692307696 0.18990384615384615
0 0.16346153846153846 0.37740384615384615 0.125 0.23798076923076922
0 0.8978365384615384 0.31971153846153844 0.1346153846153846 0.23076923076923078
0 0.5204326923076923 0.33533653846153844 0.09615384615384616 0.16826923076923078
0 0.7680288461538461 0.23677884615384615 0.11778846153846154 0.23076923076923078
0 0.2920673076923077 0.3137019230769231 0.10576923076923077 0.20432692307692307
0 0.6298076923076923 0.29927884615384615 0.06490384615384616 0.11298076923076923
0 0.3605769230769231 0.31850961538461536 0.055288461538461536 0.1201923076923077