1 0.07451923076923077 0.15625 0.08413461538461539 0.16826923076923078
1 0.484375 0.30408653846153844 0.09615384615384616 0.13942307692307693
1 0.3137019230769231 0.2824519230769231 0.08413461538461539 0.11538461538461539
1 0.13581730769230768 0.22235576923076922 0.08653846153846154 0.125
1 0.20432692307692307 0.2764423076923077 0.04807692307692308 0.0625
1 0.2692307692307692 0.31009615384615385 0.05048076923076923 0.08173076923076923
1 0.4074519230769231 0.3173076923076923 0.04567307692307692 0.07211538461538461
1 0.5408653846153846 0.359375 0.07451923076923077 0.09375
1 0.6778846153846154 0.37740384615384615 0.0625 0.07692307692307693
1 0.7175480769230769 0.41225961538461536 0.04807692307692308 0.07211538461538461
1 0.8233173076923077 0.4254807692307692 0.07932692307692307 0.09134615384615384