0 0.18629807692307693 0.3293269230769231 0.10817307692307693 0.14423076923076922
0 0.3004807692307692 0.24639423076923078 0.07451923076923077 0.12740384615384615
0 0.8786057692307693 0.3137019230769231 0.15384615384615385 0.21153846153846154
0 0.5793269230769231 0.31490384615384615 0.07451923076923077 0.11298076923076923
0 0.7475961538461539 0.33774038461538464 0.06971153846153846 0.11298076923076923
0 0.2403846153846154 0.27524038461538464 0.06971153846153846 0.11298076923076923
0 0.9471153846153846 0.27403846153846156 0.07692307692307693 0.15865384615384615
0 0.6646634615384616 0.36899038461538464 0.04326923076923077 0.07932692307692307
0 0.5060096153846154 0.33052884615384615 0.055288461538461536 0.10096153846153846
0 0.4254807692307692 0.3449519230769231 0.09375 0.13942307692307693
0 0.4639423076923077 0.28125 0.07692307692307693 0.11778846153846154
0 0.3737980769230769 0.3329326923076923 0.04567307692307692 0.07451923076923077