1 0.9759615384615384 0.36538461538461536 0.04807692307692308 0.14903846153846154
1 0.8353365384615384 0.3798076923076923 0.0625 0.11778846153846154
1 0.1346153846153846 0.39903846153846156 0.0673076923076923 0.1201923076923077
1 0.43149038461538464 0.3858173076923077 0.0625 0.11057692307692307
1 0.5889423076923077 0.3798076923076923 0.055288461538461536 0.1201923076923077
1 0.4891826923076923 0.38822115384615385 0.04567307692307692 0.09375
1 0.22956730769230768 0.42908653846153844 0.055288461538461536 0.10096153846153846
1 0.6574519230769231 0.3942307692307692 0.040865384615384616 0.09375
1 0.9242788461538461 0.4254807692307692 0.036057692307692304 0.08653846153846154
1 0.8762019230769231 0.421875 0.04807692307692308 0.09134615384615384
1 0.7680288461538461 0.42788461538461536 0.05048076923076923 0.09134615384615384
1 0.6899038461538461 0.4230769230769231 0.04807692307692308 0.10336538461538461
1 0.34975961538461536 0.39783653846153844 0.04567307692307692 0.10336538461538461
1 0.03365384615384615 0.4411057692307692 0.036057692307692304 0.0625