1 0.31850961538461536 0.4014423076923077 0.08653846153846154 0.16346153846153846
1 0.6814903846153846 0.45552884615384615 0.07451923076923077 0.13942307692307693
1 0.0829326923076923 0.4182692307692308 0.07211538461538461 0.1346153846153846
1 0.026442307692307692 0.4362980769230769 0.052884615384615384 0.11057692307692307
1 0.49399038461538464 0.42427884615384615 0.0625 0.10817307692307693
1 0.6274038461538461 0.5060096153846154 0.04807692307692308 0.09134615384615384
1 0.8641826923076923 0.5024038461538461 0.04326923076923077 0.0889423076923077
1 0.9423076923076923 0.5300480769230769 0.055288461538461536 0.08173076923076923
1 0.9038461538461539 0.5120192307692307 0.04567307692307692 0.10096153846153846
1 0.3918269230769231 0.49278846153846156 0.036057692307692304 0.07211538461538461
1 0.5865384615384616 0.484375 0.03125 0.0625
1 0.13341346153846154 0.45072115384615385 0.028846153846153848 0.0625
1 0.26322115384615385 0.4567307692307692 0.021634615384615384 0.04326923076923077