1 0.9807692307692307 0.2692307692307692 0.038461538461538464 0.12980769230769232
0 0.7548076923076923 0.22956730769230768 0.10096153846153846 0.16105769230769232
0 0.5745192307692307 0.2403846153846154 0.0985576923076923 0.15384615384615385
0 0.23317307692307693 0.18990384615384615 0.08413461538461539 0.1658653846153846
0 0.42427884615384615 0.20432692307692307 0.07211538461538461 0.13942307692307693
1 0.5144230769230769 0.2091346153846154 0.038461538461538464 0.07932692307692307
1 0.6862980769230769 0.22956730769230768 0.05048076923076923 0.10096153846153846
1 0.4795673076923077 0.20432692307692307 0.04807692307692308 0.0985576923076923
1 0.28725961538461536 0.1935096153846154 0.04326923076923077 0.0889423076923077
0 0.13581730769230768 0.18028846153846154 0.055288461538461536 0.10336538461538461
0 0.9387019230769231 0.2704326923076923 0.055288461538461536 0.09375
0 0.8990384615384616 0.25961538461538464 0.03365384615384615 0.06490384615384616