1 0.7536057692307693 0.3161057692307692 0.23076923076923078 0.35096153846153844
1 0.3629807692307692 0.47475961538461536 0.08173076923076923 0.1201923076923077
1 0.17307692307692307 0.4254807692307692 0.1201923076923077 0.1875
1 0.24759615384615385 0.46274038461538464 0.10576923076923077 0.17307692307692307
1 0.4963942307692308 0.4735576923076923 0.06009615384615385 0.08653846153846154
1 0.11778846153846154 0.35336538461538464 0.07211538461538461 0.12259615384615384
1 0.4326923076923077 0.4855769230769231 0.07692307692307693 0.10576923076923077
1 0.6682692307692307 0.3870192307692308 0.09615384615384616 0.13942307692307693
1 0.3401442307692308 0.4170673076923077 0.04326923076923077 0.057692307692307696
0 0.027644230769230768 0.38822115384615385 0.04567307692307692 0.10336538461538461
0 0.04807692307692308 0.3112980769230769 0.0625 0.09375