0 0.13942307692307693 0.4182692307692308 0.11538461538461539 0.15144230769230768
0 0.22956730769230768 0.30288461538461536 0.08173076923076923 0.1346153846153846
0 0.8245192307692307 0.20552884615384615 0.1658653846153846 0.22596153846153846
0 0.5264423076923077 0.29086538461538464 0.07932692307692307 0.1201923076923077
0 0.6995192307692307 0.26802884615384615 0.07692307692307693 0.11778846153846154
0 0.17668269230769232 0.35096153846153844 0.07692307692307693 0.11778846153846154
0 0.8798076923076923 0.1466346153846154 0.08413461538461539 0.16826923076923078
0 0.6262019230769231 0.32211538461538464 0.04807692307692308 0.08413461538461539
0 0.4579326923076923 0.328125 0.0625 0.10576923076923077
0 0.38100961538461536 0.36538461538461536 0.10096153846153846 0.14903846153846154
0 0.4026442307692308 0.2920673076923077 0.08413461538461539 0.125
0 0.3269230769230769 0.36899038461538464 0.05048076923076923 0.07932692307692307