0 0.16346153846153846 0.3870192307692308 0.09615384615384616 0.13701923076923078
0 0.25961538461538464 0.2860576923076923 0.06490384615384616 0.125
0 0.8353365384615384 0.25240384615384615 0.13942307692307693 0.20432692307692307
0 0.5444711538461539 0.30528846153846156 0.0673076923076923 0.10817307692307693
0 0.7091346153846154 0.29927884615384615 0.0625 0.10817307692307693
0 0.20673076923076922 0.32572115384615385 0.0625 0.10817307692307693
0 0.8930288461538461 0.20192307692307693 0.06490384615384616 0.15625
0 0.6346153846153846 0.3425480769230769 0.038461538461538464 0.07932692307692307
0 0.47596153846153844 0.3329326923076923 0.05048076923076923 0.09615384615384616
0 0.39903846153846156 0.359375 0.08413461538461539 0.1346153846153846
0 0.4254807692307692 0.2920673076923077 0.06971153846153846 0.11538461538461539
0 0.3473557692307692 0.3581730769230769 0.040865384615384616 0.07211538461538461