0 0.9206730769230769 0.34375 0.09134615384615384 0.16346153846153846
0 0.3245192307692308 0.27283653846153844 0.10336538461538461 0.16105769230769232
0 0.5697115384615384 0.3004807692307692 0.09375 0.15144230769230768
0 0.051682692307692304 0.2127403846153846 0.0625 0.18990384615384615
0 0.8449519230769231 0.3918269230769231 0.1466346153846154 0.24759615384615385
0 0.109375 0.2704326923076923 0.15384615384615385 0.24278846153846154
0 0.4879807692307692 0.32091346153846156 0.11298076923076923 0.17548076923076922
0 0.24759615384615385 0.20072115384615385 0.13701923076923078 0.2403846153846154
0 0.7211538461538461 0.3173076923076923 0.125 0.21394230769230768
0 0.38100961538461536 0.27524038461538464 0.07451923076923077 0.1201923076923077
0 0.6514423076923077 0.3173076923076923 0.0673076923076923 0.125