1 0.016826923076923076 0.33653846153846156 0.03125 0.14903846153846154
1 0.1502403846153846 0.3557692307692308 0.0625 0.11778846153846154
1 0.8497596153846154 0.39783653846153844 0.0673076923076923 0.1201923076923077
1 0.5540865384615384 0.375 0.0625 0.11057692307692307
1 0.39663461538461536 0.3641826923076923 0.055288461538461536 0.1201923076923077
1 0.4963942307692308 0.3762019230769231 0.04567307692307692 0.09375
1 0.7536057692307693 0.4254807692307692 0.055288461538461536 0.10096153846153846
1 0.328125 0.375 0.040865384615384616 0.09375
1 0.05889423076923077 0.39783653846153844 0.036057692307692304 0.08653846153846154
1 0.10576923076923077 0.3954326923076923 0.04807692307692308 0.09134615384615384
1 0.21514423076923078 0.4050480769230769 0.05048076923076923 0.09134615384615384
1 0.2932692307692308 0.4026442307692308 0.04807692307692308 0.10336538461538461
1 0.6346153846153846 0.3894230769230769 0.04567307692307692 0.10336538461538461
1 0.9495192307692307 0.44591346153846156 0.036057692307692304 0.0625
1 0.9915865384615384 0.4639423076923077 0.016826923076923076 0.0625