1 0.2848557692307692 0.8581730769230769 0.040865384615384616 0.06490384615384616
1 0.8269230769230769 0.5480769230769231 0.04326923076923077 0.06009615384615385
1 0.41225961538461536 0.7115384615384616 0.040865384615384616 0.040865384615384616
1 0.30288461538461536 0.7091346153846154 0.04567307692307692 0.0625
1 0.40024038461538464 0.6682692307692307 0.036057692307692304 0.05048076923076923
1 0.48197115384615385 0.4170673076923077 0.04326923076923077 0.0625
1 0.6177884615384616 0.28365384615384615 0.04567307692307692 0.06009615384615385
1 0.6117788461538461 0.4266826923076923 0.04567307692307692 0.06490384615384616
1 0.48677884615384615 0.24519230769230768 0.03125 0.04807692307692308
1 0.5228365384615384 0.2247596153846154 0.04326923076923077 0.06009615384615385
1 0.5709134615384616 0.21754807692307693 0.038461538461538464 0.0673076923076923