1 0.2608173076923077 0.3016826923076923 0.21153846153846154 0.34615384615384615
1 0.6466346153846154 0.49158653846153844 0.07692307692307693 0.1201923076923077
1 0.8413461538461539 0.45552884615384615 0.11057692307692307 0.18509615384615385
1 0.7644230769230769 0.48677884615384615 0.09615384615384616 0.17067307692307693
1 0.5108173076923077 0.4795673076923077 0.057692307692307696 0.08653846153846154
1 0.9038461538461539 0.38461538461538464 0.06490384615384616 0.12259615384615384
1 0.5745192307692307 0.49759615384615385 0.06971153846153846 0.10336538461538461
1 0.3425480769230769 0.3786057692307692 0.08653846153846154 0.13701923076923078
1 0.6742788461538461 0.4338942307692308 0.040865384615384616 0.057692307692307696
0 0.9855769230769231 0.42788461538461536 0.026442307692307692 0.10336538461538461
0 0.9723557692307693 0.34615384615384615 0.04807692307692308 0.09375