1 0.04447115384615385 0.3004807692307692 0.0889423076923077 0.16826923076923078
1 0.46634615384615385 0.3269230769230769 0.09134615384615384 0.13221153846153846
1 0.30288461538461536 0.35216346153846156 0.08173076923076923 0.11057692307692307
1 0.12379807692307693 0.3425480769230769 0.08173076923076923 0.1201923076923077
1 0.20072115384615385 0.3762019230769231 0.04807692307692308 0.06009615384615385
1 0.2692307692307692 0.3894230769230769 0.05048076923076923 0.07932692307692307
1 0.40024038461538464 0.3581730769230769 0.04326923076923077 0.06971153846153846
1 0.5336538461538461 0.36177884615384615 0.07211538461538461 0.09134615384615384
1 0.6658653846153846 0.3425480769230769 0.06009615384615385 0.07451923076923077
1 0.7115384615384616 0.3641826923076923 0.04567307692307692 0.06971153846153846
1 0.8137019230769231 0.3485576923076923 0.07692307692307693 0.0889423076923077