1 0.9519230769230769 0.35216346153846156 0.06971153846153846 0.1466346153846154
1 0.8064903846153846 0.3762019230769231 0.0625 0.11538461538461539
1 0.1346153846153846 0.43990384615384615 0.0673076923076923 0.11778846153846154
1 0.4182692307692308 0.4074519230769231 0.0625 0.10817307692307693
1 0.5697115384615384 0.3918269230769231 0.057692307692307696 0.11778846153846154
1 0.47475961538461536 0.40625 0.04567307692307692 0.09134615384615384
1 0.2283653846153846 0.46274038461538464 0.057692307692307696 0.0985576923076923
1 0.6358173076923077 0.4014423076923077 0.040865384615384616 0.09134615384615384
1 0.8954326923076923 0.41225961538461536 0.038461538461538464 0.08653846153846154
1 0.8497596153846154 0.41346153846153844 0.05048076923076923 0.0889423076923077
1 0.7451923076923077 0.42427884615384615 0.052884615384615384 0.0889423076923077
1 0.6694711538461539 0.4266826923076923 0.05048076923076923 0.10096153846153846
1 0.3425480769230769 0.42427884615384615 0.04807692307692308 0.10096153846153846
1 0.039663461538461536 0.4879807692307692 0.036057692307692304 0.06009615384615385
1 0.004807692307692308 0.5084134615384616 0.009615384615384616 0.06009615384615385