1 0.6935096153846154 0.4338942307692308 0.09615384615384616 0.17307692307692307
1 0.3076923076923077 0.4362980769230769 0.08413461538461539 0.1466346153846154
1 0.9338942307692307 0.4855769230769231 0.07932692307692307 0.14423076923076922
1 0.9807692307692307 0.5108173076923077 0.038461538461538464 0.11778846153846154
1 0.5072115384615384 0.43028846153846156 0.0673076923076923 0.11538461538461539
1 0.3581730769230769 0.4963942307692308 0.052884615384615384 0.0985576923076923
1 0.11177884615384616 0.45913461538461536 0.04807692307692308 0.09375
1 0.028846153846153848 0.47596153846153844 0.057692307692307696 0.08653846153846154
1 0.06971153846153846 0.46274038461538464 0.05048076923076923 0.10817307692307693
1 0.6033653846153846 0.5180288461538461 0.040865384615384616 0.07692307692307693
1 0.40384615384615385 0.4807692307692308 0.036057692307692304 0.06490384615384616
1 0.8786057692307693 0.5132211538461539 0.03125 0.06490384615384616
1 0.7427884615384616 0.4987980769230769 0.026442307692307692 0.04807692307692308