1 0.04447115384615385 0.2608173076923077 0.0889423076923077 0.16105769230769232
1 0.46634615384615385 0.32211538461538464 0.08173076923076923 0.12740384615384615
1 0.30408653846153844 0.3329326923076923 0.07211538461538461 0.10336538461538461
1 0.125 0.31009615384615385 0.07211538461538461 0.11538461538461539
1 0.19951923076923078 0.3485576923076923 0.040865384615384616 0.055288461538461536
1 0.2668269230769231 0.36899038461538464 0.04326923076923077 0.07451923076923077
1 0.39783653846153844 0.3485576923076923 0.038461538461538464 0.0673076923076923
1 0.53125 0.3641826923076923 0.0625 0.08413461538461539
1 0.6634615384615384 0.3557692307692308 0.055288461538461536 0.07211538461538461
1 0.7067307692307693 0.38221153846153844 0.040865384615384616 0.0673076923076923
1 0.8100961538461539 0.375 0.06971153846153846 0.08173076923076923