1 0.6382211538461539 0.8701923076923077 0.04326923076923077 0.06490384615384616
1 0.1658653846153846 0.47716346153846156 0.04567307692307692 0.06009615384615385
1 0.5396634615384616 0.7055288461538461 0.040865384615384616 0.040865384615384616
1 0.6454326923076923 0.7223557692307693 0.04567307692307692 0.0625
1 0.5588942307692307 0.6658653846153846 0.038461538461538464 0.052884615384615384
1 0.5228365384615384 0.4098557692307692 0.04567307692307692 0.0625
1 0.41466346153846156 0.25721153846153844 0.04567307692307692 0.06009615384615385
1 0.3942307692307692 0.39663461538461536 0.04807692307692308 0.06490384615384616
1 0.5480769230769231 0.24278846153846154 0.03365384615384615 0.04807692307692308
1 0.5168269230769231 0.21634615384615385 0.04567307692307692 0.06009615384615385
1 0.47115384615384615 0.20072115384615385 0.038461538461538464 0.0673076923076923