1 0.30408653846153844 0.4483173076923077 0.10817307692307693 0.18990384615384615
1 0.12620192307692307 0.34375 0.17548076923076922 0.31009615384615385
0 0.6959134615384616 0.4110576923076923 0.09134615384615384 0.16826923076923078
0 0.8088942307692307 0.41466346153846156 0.11538461538461539 0.2091346153846154
0 0.49158653846153844 0.4182692307692308 0.11538461538461539 0.19471153846153846
0 0.7355769230769231 0.4074519230769231 0.0673076923076923 0.14903846153846154
0 0.59375 0.4519230769230769 0.055288461538461536 0.10336538461538461
0 0.984375 0.44591346153846156 0.03125 0.10576923076923077
1 0.19951923076923078 0.4423076923076923 0.0889423076923077 0.17067307692307693
0 0.42788461538461536 0.4651442307692308 0.055288461538461536 0.09375
0 0.6334134615384616 0.5012019230769231 0.06009615384615385 0.11298076923076923
0 0.9399038461538461 0.4170673076923077 0.06490384615384616 0.0889423076923077
0 0.6418269230769231 0.42788461538461536 0.04326923076923077 0.06490384615384616