1 0.36538461538461536 0.47115384615384615 0.10336538461538461 0.1778846153846154
1 0.19831730769230768 0.3762019230769231 0.16826923076923078 0.2932692307692308
0 0.7283653846153846 0.43028846153846156 0.08653846153846154 0.15865384615384615
0 0.8341346153846154 0.43149038461538464 0.11057692307692307 0.1971153846153846
0 0.5408653846153846 0.43990384615384615 0.10817307692307693 0.18269230769230768
0 0.765625 0.42427884615384615 0.06490384615384616 0.13942307692307693
0 0.6346153846153846 0.46875 0.052884615384615384 0.09615384615384616
0 0.9915865384615384 0.4567307692307692 0.016826923076923076 0.09615384615384616
1 0.2692307692307692 0.46634615384615385 0.08413461538461539 0.16105769230769232
0 0.4807692307692308 0.484375 0.052884615384615384 0.08653846153846154
0 0.6730769230769231 0.5144230769230769 0.057692307692307696 0.10576923076923077
0 0.9567307692307693 0.43028846153846156 0.06009615384615385 0.08413461538461539
0 0.6790865384615384 0.44471153846153844 0.040865384615384616 0.0625