1 0.17307692307692307 0.3798076923076923 0.07211538461538461 0.1346153846153846
1 0.3485576923076923 0.38100961538461536 0.06490384615384616 0.11538461538461539
1 0.6129807692307693 0.3449519230769231 0.06009615384615385 0.11778846153846154
1 0.4723557692307692 0.38221153846153844 0.052884615384615384 0.10576923076923077
1 0.2283653846153846 0.3918269230769231 0.052884615384615384 0.10336538461538461
1 0.5757211538461539 0.36778846153846156 0.04567307692307692 0.10576923076923077
1 0.6658653846153846 0.37740384615384615 0.055288461538461536 0.0985576923076923
1 0.41225961538461536 0.4074519230769231 0.038461538461538464 0.08653846153846154
1 0.3737980769230769 0.3918269230769231 0.036057692307692304 0.08653846153846154
0 0.2860576923076923 0.4182692307692308 0.040865384615384616 0.08413461538461539
0 0.010817307692307692 0.4651442307692308 0.021634615384615384 0.2860576923076923