1 0.6021634615384616 0.2620192307692308 0.06971153846153846 0.1346153846153846
1 0.7932692307692307 0.22355769230769232 0.08653846153846154 0.125
1 0.7439903846153846 0.27884615384615385 0.06971153846153846 0.1658653846153846
1 0.4483173076923077 0.32572115384615385 0.057692307692307696 0.10576923076923077
1 0.3581730769230769 0.35096153846153844 0.057692307692307696 0.0889423076923077
1 0.32572115384615385 0.3918269230769231 0.040865384615384616 0.06490384615384616
1 0.3016826923076923 0.3557692307692308 0.03365384615384615 0.04567307692307692
1 0.11298076923076923 0.36538461538461536 0.040865384615384616 0.057692307692307696
1 0.013221153846153846 0.04927884615384615 0.01201923076923077 0.0985576923076923
1 0.20793269230769232 0.3870192307692308 0.03125 0.06490384615384616
1 0.23197115384615385 0.3954326923076923 0.028846153846153848 0.055288461538461536