0 0.5600961538461539 0.4651442307692308 0.057692307692307696 0.12980769230769232
0 0.47836538461538464 0.46033653846153844 0.057692307692307696 0.12259615384615384
0 0.9555288461538461 0.45913461538461536 0.057692307692307696 0.10336538461538461
0 0.6634615384615384 0.4699519230769231 0.06009615384615385 0.11538461538461539
0 0.8581730769230769 0.46875 0.057692307692307696 0.10336538461538461
0 0.4014423076923077 0.4483173076923077 0.04807692307692308 0.11057692307692307
0 0.33774038461538464 0.4326923076923077 0.052884615384615384 0.0985576923076923
0 0.15745192307692307 0.4170673076923077 0.05048076923076923 0.08173076923076923
0 0.7620192307692307 0.4675480769230769 0.057692307692307696 0.11538461538461539
0 0.25 0.43990384615384615 0.06009615384615385 0.10336538461538461
0 0.0625 0.46153846153846156 0.04807692307692308 0.0889423076923077