0 0.44591346153846156 0.4855769230769231 0.0673076923076923 0.12980769230769232
0 0.5252403846153846 0.47596153846153844 0.06490384615384616 0.12259615384615384
0 0.056490384615384616 0.5072115384615384 0.0625 0.10576923076923077
0 0.3425480769230769 0.4987980769230769 0.06490384615384616 0.11538461538461539
0 0.15384615384615385 0.5096153846153846 0.0625 0.10576923076923077
0 0.5985576923076923 0.45913461538461536 0.055288461538461536 0.11057692307692307
0 0.6610576923076923 0.4387019230769231 0.057692307692307696 0.10096153846153846
0 0.8353365384615384 0.4110576923076923 0.055288461538461536 0.08413461538461539
0 0.24759615384615385 0.5036057692307693 0.06490384615384616 0.11538461538461539
0 0.7475961538461539 0.4411057692307692 0.06490384615384616 0.10576923076923077
0 0.9314903846153846 0.4483173076923077 0.052884615384615384 0.09134615384615384