1 0.8317307692307693 0.3737980769230769 0.07211538461538461 0.13221153846153846
1 0.6634615384615384 0.36899038461538464 0.0673076923076923 0.11298076923076923
1 0.40865384615384615 0.32572115384615385 0.0625 0.11538461538461539
1 0.5420673076923077 0.36658653846153844 0.055288461538461536 0.10576923076923077
1 0.7788461538461539 0.38341346153846156 0.055288461538461536 0.10096153846153846
1 0.44471153846153844 0.3485576923076923 0.04807692307692308 0.10336538461538461
1 0.3557692307692308 0.3545673076923077 0.057692307692307696 0.0985576923076923
1 0.6009615384615384 0.39302884615384615 0.040865384615384616 0.08653846153846154
1 0.6370192307692307 0.3786057692307692 0.038461538461538464 0.08653846153846154
0 0.7223557692307693 0.4074519230769231 0.040865384615384616 0.08173076923076923
0 0.984375 0.46274038461538464 0.03125 0.2764423076923077