1 0.7872596153846154 0.31009615384615385 0.0673076923076923 0.12259615384615384
1 0.6286057692307693 0.33533653846153844 0.0625 0.10576923076923077
1 0.38341346153846156 0.34134615384615385 0.057692307692307696 0.11057692307692307
1 0.5168269230769231 0.3545673076923077 0.05048076923076923 0.0985576923076923
1 0.7391826923076923 0.3269230769230769 0.05048076923076923 0.09375
1 0.4206730769230769 0.3557692307692308 0.04326923076923077 0.0985576923076923
1 0.3401442307692308 0.37740384615384615 0.052884615384615384 0.09375
1 0.5745192307692307 0.36899038461538464 0.036057692307692304 0.07932692307692307
1 0.6057692307692307 0.34975961538461536 0.036057692307692304 0.07932692307692307
0 0.6911057692307693 0.3605769230769231 0.038461538461538464 0.07692307692307693
0 0.9675480769230769 0.36177884615384615 0.06490384615384616 0.2644230769230769