1 0.07091346153846154 0.3389423076923077 0.10096153846153846 0.16105769230769232
1 0.7439903846153846 0.27524038461538464 0.11538461538461539 0.17307692307692307
1 0.8305288461538461 0.20793269230769232 0.1778846153846154 0.2692307692307692
1 0.6153846153846154 0.26802884615384615 0.1346153846153846 0.22355769230769232
1 0.48677884615384615 0.27283653846153844 0.09375 0.13942307692307693
1 0.9543269230769231 0.27403846153846156 0.06009615384615385 0.1346153846153846
0 0.37259615384615385 0.29447115384615385 0.11298076923076923 0.16105769230769232
0 0.18269230769230768 0.28365384615384615 0.1466346153846154 0.22596153846153846
0 0.24278846153846154 0.3269230769230769 0.08173076923076923 0.15625
1 0.2956730769230769 0.3088942307692308 0.06490384615384616 0.11778846153846154
0 0.6862980769230769 0.27283653846153844 0.06490384615384616 0.13942307692307693