1 0.09615384615384616 0.3173076923076923 0.09134615384615384 0.15625
1 0.7644230769230769 0.3016826923076923 0.10336538461538461 0.1658653846153846
1 0.8557692307692307 0.24158653846153846 0.15865384615384615 0.25961538461538464
1 0.6394230769230769 0.28725961538461536 0.1201923076923077 0.21634615384615385
1 0.5120192307692307 0.2824519230769231 0.08413461538461539 0.1346153846153846
1 0.9699519230769231 0.31490384615384615 0.04807692307692308 0.13221153846153846
0 0.39663461538461536 0.2956730769230769 0.10336538461538461 0.15384615384615385
0 0.21153846153846154 0.27163461538461536 0.12980769230769232 0.21634615384615385
0 0.2668269230769231 0.31850961538461536 0.06971153846153846 0.15144230769230768
1 0.31971153846153844 0.30528846153846156 0.055288461538461536 0.11298076923076923
0 0.7079326923076923 0.2956730769230769 0.055288461538461536 0.1346153846153846