1 0.15144230769230768 0.6286057692307693 0.04807692307692308 0.0673076923076923
1 0.24879807692307693 0.6658653846153846 0.06490384615384616 0.10336538461538461
1 0.3401442307692308 0.6754807692307693 0.038461538461538464 0.055288461538461536
1 0.38221153846153844 0.6622596153846154 0.04326923076923077 0.07692307692307693
1 0.5240384615384616 0.6911057692307693 0.04567307692307692 0.07692307692307693
1 0.6021634615384616 0.703125 0.052884615384615384 0.09134615384615384
1 0.7103365384615384 0.7331730769230769 0.040865384615384616 0.0673076923076923
1 0.6490384615384616 0.7175480769230769 0.038461538461538464 0.0625
1 0.21394230769230768 0.6634615384615384 0.038461538461538464 0.06971153846153846
1 0.5709134615384616 0.703125 0.04326923076923077 0.06490384615384616
0 0.4423076923076923 0.6971153846153846 0.06490384615384616 0.09615384615384616
1 0.44350961538461536 0.6466346153846154 0.04326923076923077 0.055288461538461536