1 0.8725961538461539 0.6826923076923077 0.055288461538461536 0.07692307692307693
1 0.7620192307692307 0.7019230769230769 0.07451923076923077 0.11298076923076923
1 0.6610576923076923 0.6947115384615384 0.04326923076923077 0.06009615384615385
1 0.6201923076923077 0.6694711538461539 0.05048076923076923 0.08413461538461539
1 0.46274038461538464 0.6706730769230769 0.052884615384615384 0.08653846153846154
1 0.3762019230769231 0.6694711538461539 0.06009615384615385 0.10336538461538461
1 0.25600961538461536 0.6778846153846154 0.04807692307692308 0.07451923076923077
1 0.3245192307692308 0.6742788461538461 0.04567307692307692 0.07211538461538461
1 0.7980769230769231 0.7055288461538461 0.04567307692307692 0.07692307692307693
1 0.4110576923076923 0.6754807692307693 0.05048076923076923 0.07211538461538461
0 0.5480769230769231 0.6947115384615384 0.07451923076923077 0.10817307692307693
1 0.5564903846153846 0.640625 0.05048076923076923 0.0625