1 0.3737980769230769 0.2512019230769231 0.08173076923076923 0.13701923076923078
1 0.18509615384615385 0.23197115384615385 0.09615384615384616 0.12980769230769232
1 0.23918269230769232 0.2800480769230769 0.08413461538461539 0.16826923076923078
1 0.5300480769230769 0.2956730769230769 0.0673076923076923 0.10817307692307693
1 0.6213942307692307 0.3112980769230769 0.06490384615384616 0.09375
1 0.6574519230769231 0.3473557692307692 0.04567307692307692 0.06490384615384616
1 0.6754807692307693 0.31009615384615385 0.038461538461538464 0.04807692307692308
1 0.8605769230769231 0.3004807692307692 0.04567307692307692 0.06009615384615385
1 0.9290865384615384 0.016826923076923076 0.03125 0.03365384615384615
1 0.7704326923076923 0.3293269230769231 0.038461538461538464 0.06490384615384616
1 0.7463942307692307 0.3401442307692308 0.03365384615384615 0.055288461538461536