0 0.5480769230769231 0.484375 0.0625 0.125
0 0.46875 0.47596153846153844 0.0625 0.1201923076923077
0 0.9290865384615384 0.4987980769230769 0.06009615384615385 0.10336538461538461
0 0.6478365384615384 0.4951923076923077 0.0625 0.11298076923076923
0 0.8329326923076923 0.5024038461538461 0.06009615384615385 0.10336538461538461
0 0.39663461538461536 0.46033653846153844 0.052884615384615384 0.10817307692307693
0 0.33533653846153844 0.4411057692307692 0.055288461538461536 0.0985576923076923
0 0.16346153846153846 0.4182692307692308 0.052884615384615384 0.08173076923076923
0 0.7415865384615384 0.4987980769230769 0.0625 0.11298076923076923
0 0.2512019230769231 0.44471153846153844 0.0625 0.10336538461538461
0 0.06971153846153846 0.45552884615384615 0.05048076923076923 0.0889423076923077