1 0.3473557692307692 0.5012019230769231 0.11298076923076923 0.18269230769230768
1 0.17307692307692307 0.41586538461538464 0.18509615384615385 0.30288461538461536
0 0.7151442307692307 0.4411057692307692 0.09615384615384616 0.16105769230769232
0 0.8221153846153846 0.4362980769230769 0.12259615384615384 0.20432692307692307
0 0.5228365384615384 0.46033653846153844 0.1201923076923077 0.18990384615384615
0 0.7524038461538461 0.4338942307692308 0.07211538461538461 0.14423076923076922
0 0.6213942307692307 0.4855769230769231 0.06009615384615385 0.0985576923076923
0 0.9855769230769231 0.453125 0.028846153846153848 0.0985576923076923
1 0.25 0.5012019230769231 0.09375 0.1658653846153846
0 0.46634615384615385 0.5096153846153846 0.057692307692307696 0.09134615384615384
0 0.6622596153846154 0.5300480769230769 0.06490384615384616 0.10817307692307693
0 0.9459134615384616 0.42908653846153844 0.06490384615384616 0.0889423076923077
0 0.6658653846153846 0.45913461538461536 0.04326923076923077 0.06490384615384616