1 0.20432692307692307 0.734375 0.055288461538461536 0.07451923076923077
1 0.3137019230769231 0.7475961538461539 0.07451923076923077 0.11298076923076923
1 0.4110576923076923 0.7379807692307693 0.04567307692307692 0.06009615384615385
1 0.45072115384615385 0.7139423076923077 0.052884615384615384 0.08413461538461539
1 0.6033653846153846 0.7091346153846154 0.055288461538461536 0.08413461538461539
1 0.6875 0.7043269230769231 0.0625 0.10096153846153846
1 0.8040865384615384 0.7091346153846154 0.04807692307692308 0.07451923076923077
1 0.7367788461538461 0.7067307692307693 0.04807692307692308 0.06971153846153846
1 0.27884615384615385 0.7524038461538461 0.04807692307692308 0.07692307692307693
1 0.6550480769230769 0.7103365384615384 0.05048076923076923 0.06971153846153846
0 0.5216346153846154 0.7355769230769231 0.07451923076923077 0.10576923076923077
1 0.5120192307692307 0.6814903846153846 0.05048076923076923 0.0625