1 0.5721153846153846 0.109375 0.10096153846153846 0.13942307692307693
1 0.23317307692307693 0.40625 0.0985576923076923 0.11778846153846154
1 0.7283653846153846 0.18509615384615385 0.08413461538461539 0.12740384615384615
1 0.9891826923076923 0.3798076923076923 0.021634615384615384 0.08653846153846154
1 0.8305288461538461 0.36538461538461536 0.07451923076923077 0.09615384615384616
1 0.06610576923076923 0.2608173076923077 0.04807692307692308 0.06490384615384616
1 0.06971153846153846 0.12259615384615384 0.040865384615384616 0.06009615384615385
1 0.1201923076923077 0.21754807692307693 0.04326923076923077 0.06009615384615385
0 0.9411057692307693 0.3605769230769231 0.07692307692307693 0.0985576923076923
0 0.328125 0.24158653846153846 0.04326923076923077 0.055288461538461536
0 0.24158653846153846 0.28966346153846156 0.05048076923076923 0.055288461538461536
0 0.3942307692307692 0.2620192307692308 0.038461538461538464 0.057692307692307696