0 0.8197115384615384 0.484375 0.07932692307692307 0.12259615384615384
0 0.7463942307692307 0.44350961538461536 0.0985576923076923 0.15865384615384615
0 0.1045673076923077 0.38461538461538464 0.13701923076923078 0.20673076923076922
0 0.23557692307692307 0.36778846153846156 0.0889423076923077 0.13221153846153846
0 0.45552884615384615 0.4074519230769231 0.07451923076923077 0.12980769230769232
0 0.3557692307692308 0.32572115384615385 0.11538461538461539 0.18509615384615385
0 0.5877403846153846 0.4519230769230769 0.0673076923076923 0.12259615384615384
0 0.6670673076923077 0.44711538461538464 0.06971153846153846 0.11057692307692307
0 0.8966346153846154 0.453125 0.07211538461538461 0.11778846153846154
0 0.036057692307692304 0.3581730769230769 0.06490384615384616 0.15865384615384615
0 0.5516826923076923 0.44711538461538464 0.057692307692307696 0.11057692307692307
0 0.5192307692307693 0.44591346153846156 0.036057692307692304 0.07211538461538461