1 0.08413461538461539 0.4050480769230769 0.06490384615384616 0.09615384615384616
1 0.25961538461538464 0.4182692307692308 0.06009615384615385 0.0985576923076923
1 0.6935096153846154 0.44471153846153844 0.036057692307692304 0.055288461538461536
1 0.6141826923076923 0.4387019230769231 0.03365384615384615 0.06971153846153846
1 0.5901442307692307 0.44591346153846156 0.026442307692307692 0.0673076923076923
1 0.5276442307692307 0.41466346153846156 0.036057692307692304 0.0673076923076923
0 0.5588942307692307 0.4411057692307692 0.026442307692307692 0.0673076923076923
1 0.47716346153846156 0.42427884615384615 0.040865384615384616 0.09134615384615384
1 0.4423076923076923 0.41466346153846156 0.038461538461538464 0.08653846153846154
1 0.296875 0.4206730769230769 0.036057692307692304 0.07692307692307693
1 0.3473557692307692 0.4110576923076923 0.04567307692307692 0.0985576923076923