0 0.8509615384615384 0.42788461538461536 0.06971153846153846 0.125
0 0.7704326923076923 0.39302884615384615 0.0889423076923077 0.16105769230769232
0 0.08413461538461539 0.4014423076923077 0.12740384615384615 0.2091346153846154
0 0.21995192307692307 0.3701923076923077 0.08173076923076923 0.1346153846153846
0 0.4579326923076923 0.3870192307692308 0.06490384615384616 0.1346153846153846
0 0.34375 0.3125 0.10336538461538461 0.18990384615384615
0 0.6033653846153846 0.4182692307692308 0.06009615384615385 0.12740384615384615
0 0.6862980769230769 0.40625 0.0625 0.11057692307692307
0 0.9302884615384616 0.3858173076923077 0.06490384615384616 0.1201923076923077
0 0.018028846153846152 0.38221153846153844 0.03365384615384615 0.1658653846153846
0 0.5637019230769231 0.4182692307692308 0.04807692307692308 0.11538461538461539
0 0.5288461538461539 0.4206730769230769 0.03125 0.07451923076923077