0 0.18629807692307693 0.375 0.08653846153846154 0.12980769230769232
0 0.2692307692307692 0.35697115384615385 0.10817307692307693 0.1658653846153846
0 0.9170673076923077 0.49038461538461536 0.15144230769230768 0.21634615384615385
0 0.7932692307692307 0.4362980769230769 0.0985576923076923 0.13942307692307693
0 0.5649038461538461 0.40865384615384615 0.08173076923076923 0.13701923076923078
0 0.6875 0.3581730769230769 0.12740384615384615 0.19471153846153846
0 0.4230769230769231 0.41225961538461536 0.07451923076923077 0.12980769230769232
0 0.34615384615384615 0.38341346153846156 0.07451923076923077 0.11298076923076923
0 0.11899038461538461 0.32091346153846156 0.07932692307692307 0.125
0 0.9759615384615384 0.484375 0.04807692307692308 0.1658653846153846
0 0.45913461538461536 0.4182692307692308 0.06490384615384616 0.11538461538461539
0 0.49158653846153844 0.42788461538461536 0.040865384615384616 0.07692307692307693