1 0.9122596153846154 0.4098557692307692 0.0625 0.09615384615384616
1 0.7307692307692307 0.41586538461538464 0.055288461538461536 0.0985576923076923
1 0.2824519230769231 0.41947115384615385 0.03365384615384615 0.057692307692307696
1 0.3641826923076923 0.4182692307692308 0.03125 0.07211538461538461
1 0.38822115384615385 0.4266826923076923 0.021634615384615384 0.0673076923076923
1 0.4543269230769231 0.39783653846153844 0.03365384615384615 0.0673076923076923
0 0.421875 0.421875 0.02403846153846154 0.0673076923076923
1 0.5048076923076923 0.40865384615384615 0.036057692307692304 0.09134615384615384
1 0.5420673076923077 0.4014423076923077 0.036057692307692304 0.0889423076923077
1 0.6911057692307693 0.41586538461538464 0.03365384615384615 0.07692307692307693
1 0.640625 0.4026442307692308 0.040865384615384616 0.0985576923076923