1 0.8810096153846154 0.3641826923076923 0.06971153846153846 0.09615384615384616
1 0.7103365384615384 0.3894230769230769 0.06490384615384616 0.10096153846153846
1 0.2860576923076923 0.44471153846153844 0.038461538461538464 0.057692307692307696
1 0.3629807692307692 0.4338942307692308 0.038461538461538464 0.06971153846153846
1 0.3870192307692308 0.43990384615384615 0.028846153846153848 0.06490384615384616
1 0.44591346153846156 0.4050480769230769 0.040865384615384616 0.0673076923076923
0 0.4170673076923077 0.43149038461538464 0.03125 0.0673076923076923
1 0.4951923076923077 0.4098557692307692 0.04567307692307692 0.09134615384615384
1 0.5300480769230769 0.39903846153846156 0.04567307692307692 0.0889423076923077
1 0.671875 0.3942307692307692 0.040865384615384616 0.07692307692307693
1 0.6225961538461539 0.38822115384615385 0.05048076923076923 0.0985576923076923