1 0.5408653846153846 0.36538461538461536 0.07451923076923077 0.11057692307692307
1 0.7740384615384616 0.45913461538461536 0.08653846153846154 0.13221153846153846
1 0.9495192307692307 0.28846153846153844 0.06490384615384616 0.13701923076923078
1 0.4050480769230769 0.5420673076923077 0.07932692307692307 0.12740384615384615
1 0.7067307692307693 0.3425480769230769 0.07932692307692307 0.12259615384615384
1 0.5925480769230769 0.4567307692307692 0.09375 0.13221153846153846
1 0.28846153846153844 0.5060096153846154 0.06490384615384616 0.10576923076923077
1 0.24879807692307693 0.35336538461538464 0.06490384615384616 0.0985576923076923
1 0.02403846153846154 0.5288461538461539 0.04807692307692308 0.07692307692307693
1 0.03125 0.4639423076923077 0.04807692307692308 0.0673076923076923
1 0.0985576923076923 0.5012019230769231 0.0625 0.09134615384615384
1 0.11658653846153846 0.41466346153846156 0.055288461538461536 0.07211538461538461
0 0.9014423076923077 0.39783653846153844 0.11298076923076923 0.17307692307692307
1 0.21514423076923078 0.5036057692307693 0.052884615384615384 0.09375
1 0.18509615384615385 0.40024038461538464 0.057692307692307696 0.08173076923076923