1 0.4326923076923077 0.3173076923076923 0.07211538461538461 0.10817307692307693
1 0.2439903846153846 0.4735576923076923 0.08173076923076923 0.12740384615384615
1 0.03125 0.37259615384615385 0.0625 0.13942307692307693
1 0.609375 0.4387019230769231 0.07692307692307693 0.12259615384615384
1 0.27163461538461536 0.3449519230769231 0.07451923076923077 0.1201923076923077
1 0.4098557692307692 0.4182692307692308 0.09134615384615384 0.12980769230769232
1 0.7067307692307693 0.3713942307692308 0.06490384615384616 0.10336538461538461
1 0.6971153846153846 0.21875 0.0625 0.09615384615384616
1 0.9567307692307693 0.3137019230769231 0.04807692307692308 0.07451923076923077
1 0.9314903846153846 0.2548076923076923 0.04807692307692308 0.0673076923076923
1 0.8810096153846154 0.31009615384615385 0.0625 0.0889423076923077
1 0.8377403846153846 0.234375 0.052884615384615384 0.07211538461538461
0 0.10697115384615384 0.45552884615384615 0.11057692307692307 0.1658653846153846
1 0.7740384615384616 0.3473557692307692 0.05048076923076923 0.09134615384615384
1 0.7704326923076923 0.24158653846153846 0.055288461538461536 0.07932692307692307