1 0.1466346153846154 0.5288461538461539 0.09375 0.14182692307692307
1 0.3004807692307692 0.5276442307692307 0.07932692307692307 0.12740384615384615
1 0.9735576923076923 0.44471153846153844 0.052884615384615384 0.11057692307692307
1 0.19591346153846154 0.5552884615384616 0.0625 0.10336538461538461
1 0.5973557692307693 0.48197115384615385 0.052884615384615384 0.10576923076923077
1 0.6514423076923077 0.5072115384615384 0.04326923076923077 0.08653846153846154
1 0.8353365384615384 0.47115384615384615 0.055288461538461536 0.09375
1 0.734375 0.5216346153846154 0.038461538461538464 0.06490384615384616
0 0.703125 0.5036057692307693 0.06009615384615385 0.10096153846153846
0 0.5637019230769231 0.4891826923076923 0.06490384615384616 0.10817307692307693
0 0.4483173076923077 0.5192307692307693 0.07211538461538461 0.10817307692307693