1 0.203125 0.4098557692307692 0.09375 0.13942307692307693
1 0.3473557692307692 0.453125 0.07932692307692307 0.12259615384615384
1 0.9855769230769231 0.5661057692307693 0.028846153846153848 0.10336538461538461
1 0.24158653846153846 0.4483173076923077 0.0625 0.0985576923076923
1 0.6370192307692307 0.49399038461538464 0.052884615384615384 0.10336538461538461
1 0.6802884615384616 0.5336538461538461 0.04567307692307692 0.08413461538461539
1 0.8617788461538461 0.5528846153846154 0.055288461538461536 0.09134615384615384
1 0.7536057692307693 0.5709134615384616 0.038461538461538464 0.06490384615384616
0 0.7307692307692307 0.5444711538461539 0.06009615384615385 0.0985576923076923
0 0.6033653846153846 0.49158653846153844 0.06490384615384616 0.10576923076923077
0 0.4879807692307692 0.48677884615384615 0.07211538461538461 0.10817307692307693