1 0.8149038461538461 0.45072115384615385 0.08173076923076923 0.13221153846153846
1 0.671875 0.4807692307692308 0.06971153846153846 0.11778846153846154
1 0.026442307692307692 0.5516826923076923 0.052884615384615384 0.10336538461538461
1 0.7752403846153846 0.484375 0.055288461538461536 0.09615384615384616
1 0.38822115384615385 0.5012019230769231 0.04567307692307692 0.10096153846153846
1 0.34134615384615385 0.5384615384615384 0.038461538461538464 0.08173076923076923
1 0.16466346153846154 0.5432692307692307 0.05048076923076923 0.0889423076923077
1 0.26802884615384615 0.5697115384615384 0.03365384615384615 0.0625
0 0.29447115384615385 0.5444711538461539 0.052884615384615384 0.09615384615384616
0 0.4206730769230769 0.5024038461538461 0.055288461538461536 0.10096153846153846
0 0.5336538461538461 0.5060096153846154 0.06490384615384616 0.10096153846153846