1 0.9711538461538461 0.30528846153846156 0.05048076923076923 0.10817307692307693
1 0.13221153846153846 0.390625 0.04807692307692308 0.0985576923076923
1 0.23076923076923078 0.36658653846153844 0.055288461538461536 0.0985576923076923
1 0.37259615384615385 0.38221153846153844 0.052884615384615384 0.09615384615384616
1 0.5769230769230769 0.36778846153846156 0.052884615384615384 0.08653846153846154
1 0.43028846153846156 0.33653846153846156 0.038461538461538464 0.07211538461538461
1 0.09375 0.3786057692307692 0.03125 0.06009615384615385
1 0.4891826923076923 0.42788461538461536 0.04326923076923077 0.08653846153846154
1 0.5324519230769231 0.3473557692307692 0.038461538461538464 0.08173076923076923
1 0.6995192307692307 0.33052884615384615 0.036057692307692304 0.06971153846153846
1 0.7524038461538461 0.32572115384615385 0.04567307692307692 0.08173076923076923
1 0.8353365384615384 0.31971153846153844 0.04567307692307692 0.07932692307692307
1 0.6225961538461539 0.4855769230769231 0.04567307692307692 0.07692307692307693
1 0.9074519230769231 0.3317307692307692 0.04807692307692308 0.0985576923076923
1 0.6045673076923077 0.328125 0.036057692307692304 0.07692307692307693