0 0.1658653846153846 0.265625 0.07692307692307693 0.13942307692307693
0 0.35697115384615385 0.25841346153846156 0.052884615384615384 0.1201923076923077
0 0.4579326923076923 0.2932692307692308 0.05048076923076923 0.10576923076923077
0 0.10576923076923077 0.296875 0.04326923076923077 0.10096153846153846
0 0.3076923076923077 0.28725961538461536 0.040865384615384616 0.09134615384615384
0 0.5060096153846154 0.3016826923076923 0.04326923076923077 0.08173076923076923
0 0.5625 0.3088942307692308 0.040865384615384616 0.0673076923076923
0 0.2403846153846154 0.2848557692307692 0.055288461538461536 0.09134615384615384
0 0.019230769230769232 0.3112980769230769 0.038461538461538464 0.07692307692307693
0 0.625 0.3125 0.04326923076923077 0.0673076923076923
0 0.7163461538461539 0.26802884615384615 0.04807692307692308 0.09134615384615384
0 0.7824519230769231 0.30408653846153844 0.03365384615384615 0.07211538461538461