1 0.12860576923076922 0.3401442307692308 0.10336538461538461 0.17548076923076922
1 0.27403846153846156 0.3629807692307692 0.06971153846153846 0.12259615384615384
1 0.38822115384615385 0.35216346153846156 0.06490384615384616 0.11778846153846154
1 0.8377403846153846 0.5841346153846154 0.055288461538461536 0.0889423076923077
1 0.9903846153846154 0.5144230769230769 0.019230769230769232 0.09134615384615384
1 0.6658653846153846 0.4050480769230769 0.057692307692307696 0.0985576923076923
1 0.5324519230769231 0.5456730769230769 0.055288461538461536 0.0889423076923077
1 0.6033653846153846 0.44471153846153844 0.05048076923076923 0.09375
1 0.49038461538461536 0.3858173076923077 0.06009615384615385 0.0985576923076923
1 0.33533653846153844 0.3798076923076923 0.057692307692307696 0.10576923076923077
1 0.8449519230769231 0.5252403846153846 0.04326923076923077 0.07932692307692307