1 0.07692307692307693 0.1935096153846154 0.07932692307692307 0.1201923076923077
1 0.9206730769230769 0.4170673076923077 0.06490384615384616 0.10817307692307693
1 0.8257211538461539 0.3762019230769231 0.07211538461538461 0.10817307692307693
1 0.6778846153846154 0.36778846153846156 0.06971153846153846 0.10576923076923077
1 0.4735576923076923 0.32091346153846156 0.0673076923076923 0.09615384615384616
1 0.6286057692307693 0.3137019230769231 0.05048076923076923 0.07932692307692307
1 0.9627403846153846 0.4098557692307692 0.040865384615384616 0.06490384615384616
1 0.5540865384615384 0.3954326923076923 0.057692307692307696 0.09375
1 0.5216346153846154 0.30649038461538464 0.05048076923076923 0.0889423076923077
1 0.3545673076923077 0.26322115384615385 0.04567307692307692 0.07692307692307693
1 0.3016826923076923 0.25 0.057692307692307696 0.09134615384615384
1 0.21634615384615385 0.23076923076923078 0.057692307692307696 0.08653846153846154
1 0.4074519230769231 0.4338942307692308 0.057692307692307696 0.08413461538461539
1 0.14302884615384615 0.23076923076923078 0.06490384615384616 0.10817307692307693
1 0.4519230769230769 0.2764423076923077 0.04807692307692308 0.08413461538461539