1 0.14423076923076922 0.7848557692307693 0.1466346153846154 0.22355769230769232
1 0.23317307692307693 0.828125 0.13221153846153846 0.19471153846153846
1 0.9699519230769231 0.37740384615384615 0.06009615384615385 0.16346153846153846
1 0.9290865384615384 0.25841346153846156 0.1201923076923077 0.17307692307692307
1 0.8305288461538461 0.15264423076923078 0.09375 0.1466346153846154
1 0.8016826923076923 0.3701923076923077 0.11057692307692307 0.16346153846153846
1 0.7824519230769231 0.5504807692307693 0.125 0.19471153846153846
1 0.6057692307692307 0.7512019230769231 0.12259615384615384 0.20192307692307693
1 0.46875 0.7259615384615384 0.125 0.19471153846153846
1 0.35697115384615385 0.6346153846153846 0.13701923076923078 0.22115384615384615
1 0.6538461538461539 0.6141826923076923 0.11057692307692307 0.15384615384615385
1 0.5709134615384616 0.6778846153846154 0.12259615384615384 0.18028846153846154
1 0.35697115384615385 0.4639423076923077 0.11298076923076923 0.1778846153846154
1 0.4795673076923077 0.5360576923076923 0.11057692307692307 0.1778846153846154
1 0.5649038461538461 0.39302884615384615 0.11538461538461539 0.16105769230769232
1 0.6742788461538461 0.47475961538461536 0.11538461538461539 0.17548076923076922
1 0.3737980769230769 0.3389423076923077 0.11057692307692307 0.14903846153846154
1 0.7091346153846154 0.3425480769230769 0.10576923076923077 0.14423076923076922
1 0.7319711538461539 0.25721153846153844 0.11538461538461539 0.14423076923076922
1 0.6586538461538461 0.18389423076923078 0.10096153846153846 0.17307692307692307
1 0.6682692307692307 0.08413461538461539 0.10096153846153846 0.13701923076923078
1 0.5060096153846154 0.19591346153846154 0.10576923076923077 0.18509615384615385
1 0.28846153846153844 0.109375 0.0985576923076923 0.18028846153846154
1 0.41346153846153844 0.16105769230769232 0.10096153846153846 0.15625
1 0.4362980769230769 0.2848557692307692 0.09134615384615384 0.14182692307692307
1 0.33774038461538464 0.04927884615384615 0.0985576923076923 0.0985576923076923
1 0.5336538461538461 0.0985576923076923 0.0889423076923077 0.11778846153846154
1 0.4879807692307692 0.056490384615384616 0.09615384615384616 0.11298076923076923
1 0.0829326923076923 0.06129807692307692 0.06009615384615385 0.12259615384615384