1 0.24158653846153846 0.5264423076923077 0.07211538461538461 0.15865384615384615
0 0.6850961538461539 0.5528846153846154 0.055288461538461536 0.12740384615384615
0 0.11538461538461539 0.5384615384615384 0.052884615384615384 0.1346153846153846
0 0.5757211538461539 0.5697115384615384 0.052884615384615384 0.1201923076923077
0 0.7548076923076923 0.5612980769230769 0.057692307692307696 0.125
0 0.3485576923076923 0.5516826923076923 0.055288461538461536 0.13221153846153846
0 0.06610576923076923 0.5528846153846154 0.04807692307692308 0.13942307692307693
0 0.4855769230769231 0.5793269230769231 0.055288461538461536 0.1201923076923077
1 0.9735576923076923 0.5637019230769231 0.040865384615384616 0.0889423076923077
1 0.8245192307692307 0.609375 0.04567307692307692 0.09615384615384616
0 0.2956730769230769 0.625 0.036057692307692304 0.08413461538461539