0 0.8413461538461539 0.3088942307692308 0.08173076923076923 0.14423076923076922
0 0.6538461538461539 0.29086538461538464 0.06009615384615385 0.1201923076923077
0 0.5540865384615384 0.32091346153846156 0.055288461538461536 0.10817307692307693
0 0.8990384615384616 0.34134615384615385 0.05048076923076923 0.10096153846153846
0 0.7007211538461539 0.32211538461538464 0.04326923076923077 0.09375
0 0.5060096153846154 0.32572115384615385 0.04567307692307692 0.08413461538461539
0 0.4483173076923077 0.3317307692307692 0.04326923076923077 0.0673076923076923
0 0.7668269230769231 0.3233173076923077 0.057692307692307696 0.09134615384615384
0 0.9807692307692307 0.359375 0.038461538461538464 0.07932692307692307
0 0.3870192307692308 0.33052884615384615 0.04567307692307692 0.0673076923076923
0 0.3004807692307692 0.2824519230769231 0.052884615384615384 0.09375
0 0.23317307692307693 0.31490384615384615 0.036057692307692304 0.07211538461538461