1 0.8461538461538461 0.3233173076923077 0.10336538461538461 0.16346153846153846
1 0.7211538461538461 0.3737980769230769 0.06971153846153846 0.11298076923076923
1 0.6189903846153846 0.3870192307692308 0.06490384615384616 0.11057692307692307
1 0.265625 0.6862980769230769 0.055288461538461536 0.08173076923076923
1 0.10216346153846154 0.6610576923076923 0.04807692307692308 0.08413461538461539
1 0.38221153846153844 0.49278846153846156 0.055288461538461536 0.09134615384615384
1 0.5300480769230769 0.5901442307692307 0.055288461538461536 0.08173076923076923
1 0.44471153846153844 0.5144230769230769 0.05048076923076923 0.08653846153846154
1 0.5348557692307693 0.4387019230769231 0.06009615384615385 0.09134615384615384
1 0.6706730769230769 0.4014423076923077 0.057692307692307696 0.0985576923076923
1 0.24759615384615385 0.6358173076923077 0.04326923076923077 0.07451923076923077