1 0.9771634615384616 0.3173076923076923 0.04567307692307692 0.11057692307692307
1 0.14182692307692307 0.33052884615384615 0.052884615384615384 0.10096153846153846
1 0.2403846153846154 0.3137019230769231 0.06009615384615385 0.10096153846153846
1 0.38221153846153844 0.34134615384615385 0.057692307692307696 0.0985576923076923
1 0.5853365384615384 0.3449519230769231 0.057692307692307696 0.0889423076923077
1 0.4411057692307692 0.3016826923076923 0.040865384615384616 0.07451923076923077
1 0.1045673076923077 0.31490384615384615 0.03365384615384615 0.06009615384615385
1 0.49278846153846156 0.39663461538461536 0.04567307692307692 0.0889423076923077
1 0.5444711538461539 0.31971153846153844 0.040865384615384616 0.08413461538461539
1 0.7103365384615384 0.31850961538461536 0.038461538461538464 0.06971153846153846
1 0.7644230769230769 0.31850961538461536 0.04807692307692308 0.08413461538461539
1 0.8485576923076923 0.31971153846153844 0.04807692307692308 0.08173076923076923
1 0.6201923076923077 0.4675480769230769 0.04807692307692308 0.07932692307692307
1 0.9170673076923077 0.33774038461538464 0.052884615384615384 0.10096153846153846
1 0.6165865384615384 0.3076923076923077 0.040865384615384616 0.07692307692307693