0 0.1778846153846154 0.27163461538461536 0.08173076923076923 0.14903846153846154
0 0.375 0.25961538461538464 0.057692307692307696 0.125
0 0.4807692307692308 0.2932692307692308 0.055288461538461536 0.11057692307692307
0 0.1141826923076923 0.30408653846153844 0.04807692307692308 0.10576923076923077
0 0.3245192307692308 0.29086538461538464 0.04326923076923077 0.0985576923076923
0 0.53125 0.3016826923076923 0.04567307692307692 0.0889423076923077
0 0.5901442307692307 0.3088942307692308 0.04326923076923077 0.07211538461538461
0 0.2548076923076923 0.28966346153846156 0.06009615384615385 0.09375
0 0.02283653846153846 0.31971153846153844 0.04567307692307692 0.08173076923076923
0 0.65625 0.3112980769230769 0.04567307692307692 0.07211538461538461
0 0.75 0.2620192307692308 0.052884615384615384 0.0985576923076923
0 0.8197115384615384 0.29927884615384615 0.036057692307692304 0.07451923076923077