1 0.9423076923076923 0.8401442307692307 0.11538461538461539 0.24759615384615385
1 0.7259615384615384 0.796875 0.1201923076923077 0.20673076923076922
1 0.6346153846153846 0.8269230769230769 0.10817307692307693 0.18028846153846154
1 0.037259615384615384 0.18990384615384615 0.07451923076923077 0.15865384615384615
1 0.1346153846153846 0.10096153846153846 0.07692307692307693 0.13701923076923078
1 0.13581730769230768 0.31490384615384615 0.09134615384615384 0.15144230769230768
1 0.1346153846153846 0.49278846153846156 0.10336538461538461 0.18028846153846154
1 0.28125 0.7079326923076923 0.0985576923076923 0.1875
1 0.4182692307692308 0.6995192307692307 0.10336538461538461 0.18028846153846154
1 0.5372596153846154 0.6262019230769231 0.11057692307692307 0.20673076923076922
1 0.25240384615384615 0.5697115384615384 0.09134615384615384 0.14182692307692307
1 0.3245192307692308 0.6418269230769231 0.10096153846153846 0.1658653846153846
1 0.5576923076923077 0.45913461538461536 0.09134615384615384 0.1658653846153846
1 0.42908653846153844 0.515625 0.09134615384615384 0.1658653846153846
1 0.3641826923076923 0.36658653846153844 0.09615384615384616 0.14903846153846154
1 0.24879807692307693 0.4326923076923077 0.09375 0.16346153846153846
1 0.5564903846153846 0.33653846153846156 0.09375 0.13701923076923078
1 0.23076923076923078 0.29927884615384615 0.0889423076923077 0.1346153846153846
1 0.21875 0.21394230769230768 0.10096153846153846 0.12980769230769232
1 0.29927884615384615 0.15264423076923078 0.07932692307692307 0.16346153846153846
1 0.3016826923076923 0.06129807692307692 0.08173076923076923 0.11057692307692307
1 0.44591346153846156 0.18028846153846154 0.08413461538461539 0.17307692307692307
1 0.6658653846153846 0.125 0.07692307692307693 0.17067307692307693
1 0.5384615384615384 0.15985576923076922 0.08413461538461539 0.14423076923076922
1 0.5 0.27524038461538464 0.07451923076923077 0.13221153846153846
1 0.6274038461538461 0.051682692307692304 0.08173076923076923 0.10336538461538461
1 0.43028846153846156 0.08413461538461539 0.07451923076923077 0.10817307692307693
1 0.47716346153846156 0.04927884615384615 0.07932692307692307 0.0985576923076923
1 0.8882211538461539 0.0829326923076923 0.06971153846153846 0.15865384615384615