1 0.8545673076923077 0.3545673076923077 0.10336538461538461 0.17067307692307693
1 0.71875 0.40384615384615385 0.06971153846153846 0.1201923076923077
1 0.6081730769230769 0.41225961538461536 0.06490384615384616 0.11538461538461539
1 0.21995192307692307 0.7175480769230769 0.055288461538461536 0.08653846153846154
1 0.04567307692307692 0.6850961538461539 0.05048076923076923 0.0889423076923077
1 0.35096153846153844 0.515625 0.057692307692307696 0.09615384615384616
1 0.5048076923076923 0.6262019230769231 0.055288461538461536 0.08653846153846154
1 0.4182692307692308 0.5432692307692307 0.05048076923076923 0.09134615384615384
1 0.515625 0.4651442307692308 0.06009615384615385 0.09615384615384616
1 0.6634615384615384 0.43028846153846156 0.057692307692307696 0.10336538461538461
1 0.20192307692307693 0.6646634615384616 0.04567307692307692 0.07932692307692307