1 0.8894230769230769 0.9194711538461539 0.13942307692307693 0.16105769230769232
1 0.6766826923076923 0.8894230769230769 0.13701923076923078 0.21634615384615385
1 0.5805288461538461 0.9050480769230769 0.12259615384615384 0.18990384615384615
1 0.08052884615384616 0.1778846153846154 0.10817307692307693 0.16826923076923078
1 0.19951923076923078 0.1045673076923077 0.0889423076923077 0.14182692307692307
1 0.16826923076923078 0.3173076923076923 0.10576923076923077 0.15865384615384615
1 0.13701923076923078 0.49399038461538464 0.11778846153846154 0.18990384615384615
1 0.25 0.7319711538461539 0.11298076923076923 0.1971153846153846
1 0.3858173076923077 0.7451923076923077 0.11778846153846154 0.18990384615384615
1 0.5168269230769231 0.6899038461538461 0.12980769230769232 0.21634615384615385
1 0.24278846153846154 0.5901442307692307 0.10336538461538461 0.14903846153846154
1 0.30288461538461536 0.671875 0.11538461538461539 0.17548076923076922
1 0.5625 0.5276442307692307 0.10817307692307693 0.17307692307692307
1 0.4266826923076923 0.5625 0.10576923076923077 0.17307692307692307
1 0.3858173076923077 0.4050480769230769 0.10817307692307693 0.15625
1 0.25961538461538464 0.4519230769230769 0.10817307692307693 0.17067307692307693
1 0.5805288461538461 0.4050480769230769 0.10576923076923077 0.14423076923076922
1 0.2644230769230769 0.3161057692307692 0.10096153846153846 0.13942307692307693
1 0.2644230769230769 0.22956730769230768 0.11057692307692307 0.13701923076923078
1 0.35336538461538464 0.18028846153846154 0.09375 0.16826923076923078
1 0.3737980769230769 0.078125 0.09375 0.14423076923076922
1 0.4951923076923077 0.23317307692307693 0.0985576923076923 0.18028846153846154
1 0.7235576923076923 0.21153846153846154 0.09134615384615384 0.17548076923076922
1 0.5901442307692307 0.22596153846153846 0.09375 0.15144230769230768
1 0.5360576923076923 0.33533653846153844 0.08413461538461539 0.13942307692307693
1 0.6983173076923077 0.10336538461538461 0.09615384615384616 0.17067307692307693
1 0.4951923076923077 0.13341346153846154 0.08413461538461539 0.11298076923076923
1 0.5528846153846154 0.08413461538461539 0.09375 0.15384615384615385
1 0.9507211538461539 0.20432692307692307 0.08413461538461539 0.16346153846153846