1 0.5012019230769231 0.3329326923076923 0.06971153846153846 0.10336538461538461
1 0.28365384615384615 0.41947115384615385 0.07932692307692307 0.1201923076923077
1 0.10216346153846154 0.2608173076923077 0.09375 0.1346153846153846
1 0.6262019230769231 0.4951923076923077 0.07211538461538461 0.11778846153846154
1 0.3473557692307692 0.3112980769230769 0.07211538461538461 0.11298076923076923
1 0.4519230769230769 0.4182692307692308 0.08653846153846154 0.12259615384615384
1 0.734375 0.46274038461538464 0.06009615384615385 0.0985576923076923
1 0.7716346153846154 0.3233173076923077 0.06009615384615385 0.09134615384615384
1 0.9783653846153846 0.4831730769230769 0.04326923076923077 0.07211538461538461
1 0.9735576923076923 0.42427884615384615 0.04567307692307692 0.0625
1 0.9122596153846154 0.45913461538461536 0.057692307692307696 0.08653846153846154
1 0.8954326923076923 0.3786057692307692 0.052884615384615384 0.0673076923076923
0 0.1658653846153846 0.36177884615384615 0.10576923076923077 0.15865384615384615
1 0.8040865384615384 0.46153846153846156 0.05048076923076923 0.08653846153846154
1 0.8317307692307693 0.36538461538461536 0.052884615384615384 0.07451923076923077