1 0.140625 0.07211538461538461 0.12259615384615384 0.14423076923076922
1 0.14182692307692307 0.5516826923076923 0.1658653846153846 0.23317307692307693
1 0.5048076923076923 0.1045673076923077 0.07692307692307693 0.11538461538461539
1 0.6935096153846154 0.16346153846153846 0.08653846153846154 0.1201923076923077
1 0.8641826923076923 0.36658653846153844 0.08173076923076923 0.10336538461538461
1 0.24759615384615385 0.12620192307692307 0.06490384615384616 0.09375
1 0.11778846153846154 0.296875 0.08413461538461539 0.14423076923076922
1 0.3245192307692308 0.35697115384615385 0.07451923076923077 0.0985576923076923
1 0.3485576923076923 0.10697115384615384 0.0625 0.09134615384615384
1 0.65625 0.22355769230769232 0.052884615384615384 0.08653846153846154
1 0.6622596153846154 0.34615384615384615 0.1201923076923077 0.16105769230769232