0 0.03125 0.31850961538461536 0.0625 0.15625
0 0.46033653846153844 0.3401442307692308 0.08173076923076923 0.14423076923076922
0 0.18389423076923078 0.38221153846153844 0.09134615384615384 0.1346153846153846
0 0.7367788461538461 0.35096153846153844 0.08173076923076923 0.12740384615384615
0 0.4014423076923077 0.36899038461538464 0.06971153846153846 0.10096153846153846
0 0.10216346153846154 0.4074519230769231 0.07211538461538461 0.12259615384615384
0 0.2608173076923077 0.38100961538461536 0.07932692307692307 0.11538461538461539
0 0.5817307692307693 0.3581730769230769 0.08653846153846154 0.1346153846153846
0 0.8954326923076923 0.3112980769230769 0.0625 0.10336538461538461
0 0.6009615384615384 0.2704326923076923 0.07451923076923077 0.09615384615384616
0 0.8293269230769231 0.33052884615384615 0.0625 0.09375