1 0.9675480769230769 0.17668269230769232 0.06490384615384616 0.18990384615384615
1 0.8317307692307693 0.6646634615384616 0.17307692307692307 0.2403846153846154
1 0.6286057692307693 0.10697115384615384 0.08173076923076923 0.1201923076923077
1 0.4266826923076923 0.09975961538461539 0.09134615384615384 0.125
1 0.19230769230769232 0.24158653846153846 0.08653846153846154 0.10576923076923077
1 0.8701923076923077 0.21394230769230768 0.0673076923076923 0.0985576923076923
1 0.9375 0.42427884615384615 0.0889423076923077 0.14903846153846154
1 0.7199519230769231 0.41346153846153844 0.07692307692307693 0.10336538461538461
1 0.7800480769230769 0.16105769230769232 0.06490384615384616 0.09375
1 0.4423076923076923 0.171875 0.055288461538461536 0.09134615384615384
1 0.3954326923076923 0.29086538461538464 0.125 0.16826923076923078