1 0.8966346153846154 0.38341346153846156 0.06490384615384616 0.11298076923076923
1 0.3173076923076923 0.2848557692307692 0.08173076923076923 0.13701923076923078
1 0.6153846153846154 0.3641826923076923 0.08413461538461539 0.13221153846153846
1 0.7872596153846154 0.36899038461538464 0.0889423076923077 0.15144230769230768
1 0.8269230769230769 0.41947115384615385 0.07692307692307693 0.125
1 0.7415865384615384 0.3894230769230769 0.05048076923076923 0.10096153846153846
1 0.5865384615384616 0.3317307692307692 0.036057692307692304 0.06971153846153846
1 0.5480769230769231 0.30528846153846156 0.09134615384615384 0.13701923076923078
0 0.4963942307692308 0.31009615384615385 0.06971153846153846 0.12980769230769232
1 0.4543269230769231 0.32091346153846156 0.04326923076923077 0.0673076923076923
1 0.21514423076923078 0.2644230769230769 0.057692307692307696 0.09134615384615384
1 0.13581730769230768 0.26802884615384615 0.055288461538461536 0.09615384615384616
1 0.09134615384615384 0.234375 0.09375 0.17307692307692307
1 0.05048076923076923 0.23798076923076922 0.04567307692307692 0.11057692307692307