0 0.4483173076923077 0.2548076923076923 0.10336538461538461 0.15144230769230768
0 0.6394230769230769 0.3076923076923077 0.10096153846153846 0.17067307692307693
0 0.9567307692307693 0.375 0.08653846153846154 0.14903846153846154
0 0.8629807692307693 0.30408653846153844 0.12740384615384615 0.1778846153846154
0 0.28125 0.1778846153846154 0.1346153846153846 0.18269230769230768
0 0.7548076923076923 0.4411057692307692 0.08413461538461539 0.13221153846153846
0 0.5877403846153846 0.3641826923076923 0.06971153846153846 0.1346153846153846
0 0.04326923076923077 0.3401442307692308 0.0625 0.10576923076923077
0 0.5264423076923077 0.3918269230769231 0.06490384615384616 0.0985576923076923
0 0.18990384615384615 0.2824519230769231 0.08173076923076923 0.125
0 0.13341346153846154 0.33653846153846156 0.0625 0.10336538461538461
0 0.30408653846153844 0.3798076923076923 0.07211538461538461 0.12740384615384615