1 0.8485576923076923 0.28966346153846156 0.055288461538461536 0.10576923076923077
1 0.28846153846153844 0.3317307692307692 0.06971153846153846 0.12740384615384615
1 0.5829326923076923 0.33533653846153844 0.07211538461538461 0.12259615384615384
1 0.7427884615384616 0.3016826923076923 0.07451923076923077 0.13942307692307693
1 0.7908653846153846 0.3389423076923077 0.06490384615384616 0.11538461538461539
1 0.7043269230769231 0.3317307692307692 0.040865384615384616 0.09615384615384616
1 0.5480769230769231 0.3125 0.028846153846153848 0.06490384615384616
1 0.5060096153846154 0.2980769230769231 0.07932692307692307 0.12740384615384615
0 0.45913461538461536 0.3137019230769231 0.057692307692307696 0.1201923076923077
1 0.4230769230769231 0.3329326923076923 0.038461538461538464 0.0625
1 0.1875 0.33774038461538464 0.04807692307692308 0.08413461538461539
1 0.11658653846153846 0.3581730769230769 0.04807692307692308 0.0889423076923077
1 0.0673076923076923 0.33774038461538464 0.07932692307692307 0.16105769230769232
1 0.02403846153846154 0.35096153846153844 0.04807692307692308 0.10576923076923077