0 0.9879807692307693 0.38221153846153844 0.02403846153846154 0.14903846153846154
0 0.59375 0.38341346153846156 0.08653846153846154 0.14182692307692307
0 0.859375 0.4387019230769231 0.09615384615384616 0.1346153846153846
0 0.32572115384615385 0.3798076923076923 0.08413461538461539 0.12740384615384615
0 0.6502403846153846 0.41466346153846156 0.07211538461538461 0.0985576923076923
0 0.9375 0.46634615384615385 0.07692307692307693 0.1201923076923077
0 0.7860576923076923 0.4326923076923077 0.08173076923076923 0.11538461538461539
0 0.47596153846153844 0.3942307692307692 0.0889423076923077 0.1346153846153846
0 0.17548076923076922 0.3329326923076923 0.06490384615384616 0.10096153846153846
0 0.46153846153846156 0.3088942307692308 0.07451923076923077 0.0985576923076923
0 0.23798076923076922 0.3557692307692308 0.06490384615384616 0.09134615384615384