0 0.96875 0.36899038461538464 0.057692307692307696 0.09615384615384616
0 0.8233173076923077 0.3112980769230769 0.0673076923076923 0.10336538461538461
0 0.9951923076923077 0.3954326923076923 0.009615384615384616 0.06971153846153846
0 0.9278846153846154 0.3269230769230769 0.057692307692307696 0.0985576923076923
0 0.7487980769230769 0.2860576923076923 0.04326923076923077 0.0673076923076923
0 0.7139423076923077 0.3076923076923077 0.06490384615384616 0.09134615384615384
0 0.6382211538461539 0.29086538461538464 0.06490384615384616 0.10096153846153846
0 0.515625 0.28725961538461536 0.057692307692307696 0.0889423076923077
0 0.48677884615384615 0.25 0.05048076923076923 0.09134615384615384
0 0.44471153846153844 0.2704326923076923 0.06490384615384616 0.09375
0 0.2800480769230769 0.24158653846153846 0.05048076923076923 0.08653846153846154
0 0.31009615384615385 0.2091346153846154 0.04326923076923077 0.0889423076923077
0 0.13942307692307693 0.1935096153846154 0.052884615384615384 0.08173076923076923