0 0.23317307692307693 0.3557692307692308 0.0889423076923077 0.13942307692307693
0 0.35336538461538464 0.3870192307692308 0.10336538461538461 0.14903846153846154
0 0.051682692307692304 0.36899038461538464 0.10336538461538461 0.24278846153846154
0 0.46153846153846156 0.3737980769230769 0.0625 0.09615384615384616
0 0.13221153846153846 0.3473557692307692 0.07692307692307693 0.10096153846153846
0 0.5204326923076923 0.41346153846153844 0.04807692307692308 0.06971153846153846
1 0.765625 0.44591346153846156 0.06009615384615385 0.07692307692307693
1 0.6983173076923077 0.42427884615384615 0.04326923076923077 0.06009615384615385
1 0.671875 0.4014423076923077 0.04567307692307692 0.0625
0 0.6237980769230769 0.421875 0.057692307692307696 0.08653846153846154
0 0.5480769230769231 0.40625 0.04567307692307692 0.07932692307692307
0 0.8762019230769231 0.44471153846153844 0.055288461538461536 0.0889423076923077
0 0.9038461538461539 0.46033653846153844 0.038461538461538464 0.055288461538461536