1 0.09615384615384616 0.12379807692307693 0.10096153846153846 0.17307692307692307
1 0.1778846153846154 0.6286057692307693 0.13701923076923078 0.21875
1 0.4723557692307692 0.11778846153846154 0.0625 0.11057692307692307
1 0.671875 0.1466346153846154 0.07211538461538461 0.11538461538461539
1 0.8774038461538461 0.32572115384615385 0.06971153846153846 0.09615384615384616
1 0.21754807692307693 0.18028846153846154 0.052884615384615384 0.0889423076923077
1 0.1141826923076923 0.375 0.06490384615384616 0.13942307692307693
1 0.33052884615384615 0.4014423076923077 0.0625 0.09134615384615384
1 0.31490384615384615 0.14543269230769232 0.05048076923076923 0.08653846153846154
1 0.6454326923076923 0.21394230769230768 0.04326923076923077 0.08173076923076923
1 0.6706730769230769 0.33774038461538464 0.10096153846153846 0.15144230769230768