0 0.12860576923076922 0.3161057692307692 0.04807692307692308 0.08653846153846154
0 0.2692307692307692 0.29927884615384615 0.055288461538461536 0.09375
0 0.07932692307692307 0.33052884615384615 0.04567307692307692 0.06490384615384616
0 0.17427884615384615 0.28846153846153844 0.05048076923076923 0.0889423076923077
0 0.34134615384615385 0.29447115384615385 0.036057692307692304 0.06009615384615385
0 0.36778846153846156 0.32211538461538464 0.055288461538461536 0.07932692307692307
0 0.4375 0.3245192307692308 0.055288461538461536 0.0889423076923077
0 0.5456730769230769 0.34975961538461536 0.04807692307692308 0.07932692307692307
0 0.5805288461538461 0.3245192307692308 0.04326923076923077 0.08173076923076923
0 0.6117788461538461 0.35216346153846156 0.055288461538461536 0.08413461538461539
0 0.7632211538461539 0.36538461538461536 0.04326923076923077 0.07692307692307693
0 0.7463942307692307 0.3317307692307692 0.036057692307692304 0.07932692307692307
0 0.8978365384615384 0.35697115384615385 0.04567307692307692 0.07451923076923077
0 0.9939903846153846 0.35336538461538464 0.01201923076923077 0.09615384615384616