0 0.39663461538461536 0.27283653846153844 0.08173076923076923 0.13942307692307693
0 0.5889423076923077 0.2920673076923077 0.07932692307692307 0.15865384615384615
0 0.9182692307692307 0.3016826923076923 0.09134615384615384 0.1346153846153846
0 0.8040865384615384 0.2512019230769231 0.10336538461538461 0.16105769230769232
0 0.21995192307692307 0.22716346153846154 0.11057692307692307 0.1658653846153846
0 0.7235576923076923 0.40024038461538464 0.0673076923076923 0.12259615384615384
0 0.5480769230769231 0.3545673076923077 0.05048076923076923 0.125
0 0.021634615384615384 0.421875 0.04326923076923077 0.0985576923076923
0 0.49399038461538464 0.39302884615384615 0.05048076923076923 0.09134615384615384
0 0.15144230769230768 0.34375 0.06490384615384616 0.11298076923076923
0 0.10576923076923077 0.40625 0.04807692307692308 0.09375
0 0.2776442307692308 0.4170673076923077 0.052884615384615384 0.11778846153846154