0 0.1875 0.4855769230769231 0.08413461538461539 0.13221153846153846
0 0.30408653846153844 0.47716346153846156 0.0985576923076923 0.13942307692307693
0 0.039663461538461536 0.5492788461538461 0.07932692307692307 0.2283653846153846
0 0.3954326923076923 0.43509615384615385 0.057692307692307696 0.09134615384615384
0 0.09495192307692307 0.5060096153846154 0.07211538461538461 0.09375
0 0.45913461538461536 0.453125 0.04567307692307692 0.0673076923076923
1 0.6887019230769231 0.4098557692307692 0.055288461538461536 0.07451923076923077
1 0.6225961538461539 0.4110576923076923 0.038461538461538464 0.057692307692307696
1 0.59375 0.39903846153846156 0.04326923076923077 0.057692307692307696
0 0.5564903846153846 0.43028846153846156 0.052884615384615384 0.08173076923076923
0 0.4831730769230769 0.43990384615384615 0.040865384615384616 0.07451923076923077
0 0.7884615384615384 0.37740384615384615 0.05048076923076923 0.08413461538461539
0 0.8185096153846154 0.38221153846153844 0.036057692307692304 0.052884615384615384