0 0.19831730769230768 0.43149038461538464 0.06971153846153846 0.12740384615384615
0 0.31490384615384615 0.4483173076923077 0.08653846153846154 0.1346153846153846
0 0.03125 0.4675480769230769 0.0625 0.2283653846153846
0 0.4170673076923077 0.4230769230769231 0.05048076923076923 0.08653846153846154
0 0.10096153846153846 0.43509615384615385 0.0625 0.09134615384615384
0 0.47716346153846156 0.453125 0.038461538461538464 0.06490384615384616
1 0.7151442307692307 0.45552884615384615 0.04807692307692308 0.06971153846153846
1 0.6490384615384616 0.44350961538461536 0.03365384615384615 0.055288461538461536
1 0.6213942307692307 0.4254807692307692 0.038461538461538464 0.055288461538461536
0 0.578125 0.4495192307692308 0.04567307692307692 0.07932692307692307
0 0.5036057692307693 0.44471153846153844 0.036057692307692304 0.07211538461538461
0 0.8221153846153846 0.4423076923076923 0.04326923076923077 0.08173076923076923
0 0.8509615384615384 0.453125 0.03125 0.04807692307692308