0 0.8677884615384616 0.31009615384615385 0.05048076923076923 0.08653846153846154
0 0.7271634615384616 0.2956730769230769 0.057692307692307696 0.09375
0 0.9182692307692307 0.3233173076923077 0.04567307692307692 0.06490384615384616
0 0.8221153846153846 0.2824519230769231 0.05048076923076923 0.0889423076923077
0 0.6550480769230769 0.2920673076923077 0.036057692307692304 0.06009615384615385
0 0.6286057692307693 0.31971153846153844 0.055288461538461536 0.08173076923076923
0 0.5588942307692307 0.3233173076923077 0.057692307692307696 0.09134615384615384
0 0.4519230769230769 0.35096153846153844 0.05048076923076923 0.07932692307692307
0 0.4170673076923077 0.32572115384615385 0.04326923076923077 0.08413461538461539
0 0.3858173076923077 0.3545673076923077 0.055288461538461536 0.08413461538461539
0 0.234375 0.3701923076923077 0.04326923076923077 0.07692307692307693
0 0.2512019230769231 0.33533653846153844 0.038461538461538464 0.07932692307692307
0 0.09975961538461539 0.3641826923076923 0.04567307692307692 0.07451923076923077
0 0.004807692307692308 0.3629807692307692 0.009615384615384616 0.09615384615384616