1 0.109375 0.375 0.06009615384615385 0.11057692307692307
1 0.6730769230769231 0.28846153846153844 0.07932692307692307 0.1346153846153846
1 0.38341346153846156 0.359375 0.07932692307692307 0.12740384615384615
1 0.21634615384615385 0.36177884615384615 0.08413461538461539 0.1466346153846154
1 0.1778846153846154 0.4110576923076923 0.07211538461538461 0.1201923076923077
1 0.2620192307692308 0.38341346153846156 0.04807692307692308 0.0985576923076923
1 0.41225961538461536 0.328125 0.03365384615384615 0.0673076923076923
1 0.4495192307692308 0.30408653846153844 0.08653846153846154 0.1346153846153846
0 0.5 0.3088942307692308 0.06490384615384616 0.125
1 0.5408653846153846 0.32091346153846156 0.040865384615384616 0.06490384615384616
1 0.7752403846153846 0.2704326923076923 0.055288461538461536 0.0889423076923077
1 0.8509615384615384 0.2764423076923077 0.052884615384615384 0.09375
1 0.8930288461538461 0.24278846153846154 0.0889423076923077 0.16826923076923078
1 0.9435096153846154 0.24519230769230768 0.06490384615384616 0.11057692307692307