0 0.09254807692307693 0.23918269230769232 0.10096153846153846 0.15144230769230768
0 0.4891826923076923 0.35096153846153844 0.08653846153846154 0.13942307692307693
0 0.23076923076923078 0.3317307692307692 0.09375 0.12980769230769232
0 0.7379807692307693 0.4182692307692308 0.08413461538461539 0.125
0 0.43149038461538464 0.36538461538461536 0.06971153846153846 0.09615384615384616
0 0.15264423076923078 0.33774038461538464 0.07692307692307693 0.11778846153846154
0 0.3016826923076923 0.3473557692307692 0.08173076923076923 0.11298076923076923
0 0.5961538461538461 0.39302884615384615 0.0889423076923077 0.12980769230769232
0 0.8894230769230769 0.41586538461538464 0.06490384615384616 0.0985576923076923
0 0.6322115384615384 0.3173076923076923 0.07451923076923077 0.09615384615384616
0 0.8257211538461539 0.41947115384615385 0.06490384615384616 0.0889423076923077