0 0.41466346153846156 0.2608173076923077 0.10096153846153846 0.14903846153846154
0 0.6057692307692307 0.3112980769230769 0.0985576923076923 0.16826923076923078
0 0.9338942307692307 0.37259615384615385 0.10817307692307693 0.1466346153846154
0 0.828125 0.30288461538461536 0.125 0.17548076923076922
0 0.24639423076923078 0.1875 0.12980769230769232 0.18028846153846154
0 0.7235576923076923 0.4411057692307692 0.08173076923076923 0.12980769230769232
0 0.5552884615384616 0.36658653846153844 0.0673076923076923 0.13221153846153846
0 0.026442307692307692 0.3557692307692308 0.036057692307692304 0.10096153846153846
0 0.49399038461538464 0.39663461538461536 0.0625 0.0985576923076923
0 0.15745192307692307 0.29447115384615385 0.07932692307692307 0.12259615384615384
0 0.10096153846153846 0.3485576923076923 0.06009615384615385 0.10096153846153846
0 0.27283653846153844 0.38822115384615385 0.06971153846153846 0.125