1 0.4987980769230769 0.08052884615384616 0.08653846153846154 0.16105769230769232
1 0.15144230769230768 0.6117788461538461 0.13942307692307693 0.23076923076923078
1 0.6394230769230769 0.6526442307692307 0.13701923076923078 0.23557692307692307
1 0.8725961538461539 0.12620192307692307 0.0889423076923077 0.15384615384615385
1 0.8521634615384616 0.5192307692307693 0.125 0.19951923076923078
1 0.9615384615384616 0.09014423076923077 0.07692307692307693 0.14903846153846154
1 0.4375 0.16346153846153846 0.08173076923076923 0.16346153846153846
1 0.019230769230769232 0.17307692307692307 0.038461538461538464 0.23076923076923078
1 0.8197115384615384 0.22235576923076922 0.10336538461538461 0.20673076923076922
1 0.3125 0.07692307692307693 0.09615384615384616 0.15384615384615385
1 0.08173076923076923 0.34375 0.11538461538461539 0.21634615384615385
1 0.703125 0.140625 0.09615384615384616 0.13221153846153846
1 0.15745192307692307 0.15504807692307693 0.10817307692307693 0.22596153846153846
1 0.8245192307692307 0.06490384615384616 0.10576923076923077 0.12980769230769232
1 0.734375 0.6550480769230769 0.10817307692307693 0.1875
1 0.29927884615384615 0.3125 0.125 0.22596153846153846
1 0.4879807692307692 0.25961538461538464 0.10096153846153846 0.20192307692307693
1 0.7151442307692307 0.27283653846153844 0.11057692307692307 0.2403846153846154
1 0.5480769230769231 0.33413461538461536 0.10336538461538461 0.15865384615384615
1 0.8125 0.4699519230769231 0.12259615384615384 0.21634615384615385
0 0.5276442307692307 0.8581730769230769 0.12980769230769232 0.22596153846153846
0 0.13701923076923078 0.8737980769230769 0.125 0.20673076923076922
0 0.9603365384615384 0.5612980769230769 0.07932692307692307 0.24519230769230768
0 0.03245192307692308 0.7259615384615384 0.06490384615384616 0.20673076923076922