1 0.18870192307692307 0.3293269230769231 0.07932692307692307 0.14423076923076922
1 0.4074519230769231 0.2608173076923077 0.08413461538461539 0.14182692307692307
1 0.8629807692307693 0.2848557692307692 0.12980769230769232 0.17307692307692307
1 0.734375 0.30288461538461536 0.07932692307692307 0.13942307692307693
1 0.09254807692307693 0.33413461538461536 0.12980769230769232 0.21153846153846154
1 0.9591346153846154 0.25240384615384615 0.0625 0.16346153846153846
1 0.5228365384615384 0.29927884615384615 0.0625 0.125
1 0.8137019230769231 0.29086538461538464 0.07932692307692307 0.13221153846153846
1 0.5757211538461539 0.31850961538461536 0.04567307692307692 0.09134615384615384
1 0.6514423076923077 0.3088942307692308 0.057692307692307696 0.10576923076923077
1 0.6201923076923077 0.33774038461538464 0.040865384615384616 0.09134615384615384