1 0.4723557692307692 0.3329326923076923 0.07211538461538461 0.10576923076923077
0 0.8834134615384616 0.22716346153846154 0.06971153846153846 0.11298076923076923
0 0.2932692307692308 0.3112980769230769 0.06971153846153846 0.10096153846153846
0 0.1935096153846154 0.3581730769230769 0.052884615384615384 0.07451923076923077
0 0.22956730769230768 0.36778846153846156 0.040865384615384616 0.07211538461538461
0 0.6814903846153846 0.2644230769230769 0.0625 0.09615384615384616
0 0.8245192307692307 0.23076923076923078 0.055288461538461536 0.08653846153846154
0 0.4387019230769231 0.3112980769230769 0.04807692307692308 0.10096153846153846
0 0.5396634615384616 0.3269230769230769 0.04567307692307692 0.07692307692307693
0 0.7091346153846154 0.27283653846153844 0.04567307692307692 0.07692307692307693
0 0.9350961538461539 0.23677884615384615 0.055288461538461536 0.09375