1 0.8401442307692307 0.5060096153846154 0.0673076923076923 0.0985576923076923
1 0.6935096153846154 0.46875 0.04326923076923077 0.06971153846153846
1 0.5108173076923077 0.4423076923076923 0.06490384615384616 0.0985576923076923
0 0.25240384615384615 0.3894230769230769 0.057692307692307696 0.09134615384615384
0 0.3161057692307692 0.4074519230769231 0.057692307692307696 0.09134615384615384
0 0.4579326923076923 0.4375 0.05048076923076923 0.07932692307692307
0 0.7524038461538461 0.484375 0.05048076923076923 0.07451923076923077
0 0.8004807692307693 0.5288461538461539 0.040865384615384616 0.0673076923076923
0 0.6550480769230769 0.4795673076923077 0.036057692307692304 0.057692307692307696
1 0.5697115384615384 0.46033653846153844 0.055288461538461536 0.07932692307692307
1 0.41466346153846156 0.41947115384615385 0.052884615384615384 0.09375