1 0.47716346153846156 0.2848557692307692 0.06490384615384616 0.10096153846153846
0 0.8870192307692307 0.2620192307692308 0.0625 0.10576923076923077
0 0.3125 0.23197115384615385 0.0625 0.09375
0 0.2091346153846154 0.25841346153846156 0.04807692307692308 0.06971153846153846
0 0.24158653846153846 0.27403846153846156 0.036057692307692304 0.06971153846153846
0 0.6887019230769231 0.25841346153846156 0.057692307692307696 0.0889423076923077
0 0.8305288461538461 0.2548076923076923 0.05048076923076923 0.07932692307692307
0 0.4519230769230769 0.25961538461538464 0.04326923076923077 0.09615384615384616
0 0.5420673076923077 0.2932692307692308 0.040865384615384616 0.07211538461538461
0 0.7139423076923077 0.27283653846153844 0.040865384615384616 0.07211538461538461
0 0.9350961538461539 0.2800480769230769 0.04807692307692308 0.0889423076923077