1 0.20673076923076922 0.26322115384615385 0.09134615384615384 0.15384615384615385
1 0.43990384615384615 0.2403846153846154 0.09615384615384616 0.14903846153846154
1 0.890625 0.36177884615384615 0.14423076923076922 0.18269230769230768
1 0.7584134615384616 0.35336538461538464 0.09134615384615384 0.1466346153846154
1 0.10697115384615384 0.24759615384615385 0.1466346153846154 0.22355769230769232
1 0.9783653846153846 0.3485576923076923 0.04326923076923077 0.17307692307692307
1 0.546875 0.30528846153846156 0.07451923076923077 0.13221153846153846
1 0.8389423076923077 0.3581730769230769 0.0889423076923077 0.13942307692307693
1 0.5961538461538461 0.33533653846153844 0.052884615384615384 0.09375
1 0.6742788461538461 0.34134615384615385 0.06490384615384616 0.11298076923076923
1 0.6358173076923077 0.3629807692307692 0.04807692307692308 0.09375