1 0.8100961538461539 0.328125 0.07451923076923077 0.14423076923076922
1 0.5853365384615384 0.2644230769230769 0.08173076923076923 0.14182692307692307
1 0.1201923076923077 0.30649038461538464 0.12740384615384615 0.17307692307692307
1 0.25240384615384615 0.32091346153846156 0.07692307692307693 0.13942307692307693
1 0.9098557692307693 0.3293269230769231 0.125 0.21153846153846154
1 0.027644230769230768 0.2764423076923077 0.04567307692307692 0.1658653846153846
1 0.46875 0.3088942307692308 0.06009615384615385 0.125
1 0.171875 0.3112980769230769 0.07692307692307693 0.1346153846153846
1 0.41586538461538464 0.33052884615384615 0.04326923076923077 0.09134615384615384
1 0.33774038461538464 0.3233173076923077 0.055288461538461536 0.10817307692307693
1 0.3713942307692308 0.35096153846153844 0.038461538461538464 0.09134615384615384