1 0.4723557692307692 0.10096153846153846 0.09134615384615384 0.1778846153846154
1 0.8473557692307693 0.6550480769230769 0.15384615384615385 0.24278846153846154
1 0.33533653846153844 0.7067307692307693 0.14903846153846154 0.25
1 0.08052884615384616 0.15865384615384615 0.09615384615384616 0.16346153846153846
1 0.10817307692307693 0.5709134615384616 0.1346153846153846 0.21153846153846154
1 0.013221153846153846 0.12379807692307693 0.026442307692307692 0.15625
1 0.5384615384615384 0.18990384615384615 0.09134615384615384 0.17307692307692307
1 0.9771634615384616 0.19230769230769232 0.038461538461538464 0.2403846153846154
1 0.13701923076923078 0.25961538461538464 0.11298076923076923 0.21875
1 0.6670673076923077 0.09014423076923077 0.10336538461538461 0.18028846153846154
1 0.9158653846153846 0.37259615384615385 0.125 0.2283653846153846
1 0.25841346153846156 0.17067307692307693 0.10336538461538461 0.13942307692307693
1 0.8329326923076923 0.17668269230769232 0.11778846153846154 0.23798076923076922
1 0.12980769230769232 0.08413461538461539 0.11538461538461539 0.15625
1 0.23557692307692307 0.7103365384615384 0.11538461538461539 0.1971153846153846
1 0.6875 0.3449519230769231 0.1346153846153846 0.23798076923076922
1 0.4879807692307692 0.2920673076923077 0.10817307692307693 0.21394230769230768
1 0.24879807692307693 0.31009615384615385 0.1201923076923077 0.2548076923076923
1 0.4254807692307692 0.3713942307692308 0.11298076923076923 0.16826923076923078
1 0.14903846153846154 0.5180288461538461 0.13221153846153846 0.2283653846153846
0 0.4543269230769231 0.9002403846153846 0.13942307692307693 0.19951923076923078
0 0.8677884615384616 0.9074519230769231 0.1346153846153846 0.17307692307692307
0 0.020432692307692308 0.6165865384615384 0.038461538461538464 0.25721153846153844
0 0.9699519230769231 0.7692307692307693 0.06009615384615385 0.21634615384615385