1 0.17668269230769232 0.25961538461538464 0.12259615384615384 0.21394230769230768
1 0.03245192307692308 0.30528846153846156 0.052884615384615384 0.1346153846153846
1 0.5024038461538461 0.32572115384615385 0.057692307692307696 0.11778846153846154
1 0.30408653846153844 0.20552884615384615 0.13942307692307693 0.24278846153846154
1 0.8028846153846154 0.28725961538461536 0.09615384615384616 0.1971153846153846
1 0.36778846153846156 0.29447115384615385 0.07211538461538461 0.15625
1 0.5661057692307693 0.3293269230769231 0.052884615384615384 0.11778846153846154
1 0.59375 0.33533653846153844 0.055288461538461536 0.11538461538461539
1 0.9074519230769231 0.33052884615384615 0.18509615384615385 0.5552884615384616
1 0.6862980769230769 0.3425480769230769 0.040865384615384616 0.07692307692307693
1 0.6418269230769231 0.3581730769230769 0.04326923076923077 0.09375
1 0.4050480769230769 0.32091346153846156 0.04807692307692308 0.14423076923076922
1 0.43509615384615385 0.36538461538461536 0.055288461538461536 0.11298076923076923