1 0.5072115384615384 0.11538461538461539 0.09615384615384616 0.18028846153846154
1 0.11899038461538461 0.6658653846153846 0.15865384615384615 0.24759615384615385
1 0.6346153846153846 0.7271634615384616 0.15384615384615385 0.2548076923076923
1 0.9014423076923077 0.1814903846153846 0.10096153846153846 0.1658653846153846
1 0.8665865384615384 0.5949519230769231 0.13942307692307693 0.21394230769230768
1 0.9771634615384616 0.1466346153846154 0.04567307692307692 0.15865384615384615
1 0.43990384615384615 0.203125 0.09375 0.17548076923076922
1 0.84375 0.28125 0.11778846153846154 0.22115384615384615
1 0.3112980769230769 0.09495192307692307 0.10817307692307693 0.18990384615384615
1 0.06009615384615385 0.38100961538461536 0.1201923076923077 0.23317307692307693
1 0.7223557692307693 0.18870192307692307 0.10576923076923077 0.14182692307692307
1 0.14302884615384615 0.18389423076923078 0.12259615384615384 0.24278846153846154
1 0.8545673076923077 0.0985576923076923 0.11778846153846154 0.17067307692307693
1 0.7355769230769231 0.7331730769230769 0.1201923076923077 0.20192307692307693
1 0.28725961538461536 0.35697115384615385 0.13942307692307693 0.24278846153846154
1 0.4891826923076923 0.3076923076923077 0.11298076923076923 0.21634615384615385
1 0.7295673076923077 0.3293269230769231 0.125 0.25961538461538464
1 0.5492788461538461 0.3870192307692308 0.11538461538461539 0.17067307692307693
1 0.8257211538461539 0.5396634615384616 0.13701923076923078 0.23317307692307693
0 0.5096153846153846 0.9086538461538461 0.14423076923076922 0.18269230769230768
0 0.09615384615384616 0.9086538461538461 0.13701923076923078 0.15625
0 0.9663461538461539 0.6430288461538461 0.0673076923076923 0.25961538461538464
0 0.013221153846153846 0.7824519230769231 0.026442307692307692 0.21875