1 0.8088942307692307 0.3798076923076923 0.06009615384615385 0.09615384615384616
1 0.6574519230769231 0.38341346153846156 0.038461538461538464 0.06971153846153846
1 0.47475961538461536 0.4074519230769231 0.057692307692307696 0.09615384615384616
0 0.21153846153846154 0.42908653846153844 0.052884615384615384 0.0889423076923077
0 0.2776442307692308 0.42788461538461536 0.052884615384615384 0.0889423076923077
0 0.42427884615384615 0.4182692307692308 0.04567307692307692 0.07692307692307693
0 0.71875 0.38100961538461536 0.04567307692307692 0.07451923076923077
0 0.7764423076923077 0.41225961538461536 0.036057692307692304 0.06490384615384616
0 0.6237980769230769 0.4050480769230769 0.03365384615384615 0.055288461538461536
1 0.5348557692307693 0.4110576923076923 0.05048076923076923 0.07692307692307693
1 0.3762019230769231 0.41225961538461536 0.04567307692307692 0.09134615384615384