1 0.5024038461538461 0.31490384615384615 0.0625 0.09615384615384616
0 0.8954326923076923 0.29927884615384615 0.0625 0.10336538461538461
0 0.3449519230769231 0.2608173076923077 0.0625 0.09134615384615384
0 0.24639423076923078 0.2848557692307692 0.04567307692307692 0.0673076923076923
0 0.2776442307692308 0.29927884615384615 0.036057692307692304 0.0673076923076923
0 0.7067307692307693 0.2932692307692308 0.055288461538461536 0.08653846153846154
0 0.8413461538461539 0.29086538461538464 0.05048076923076923 0.07692307692307693
0 0.47836538461538464 0.28966346153846156 0.04326923076923077 0.09134615384615384
0 0.5649038461538461 0.32211538461538464 0.038461538461538464 0.06971153846153846
0 0.7295673076923077 0.30649038461538464 0.038461538461538464 0.06971153846153846
0 0.9423076923076923 0.3161057692307692 0.04807692307692308 0.08653846153846154