1 0.19831730769230768 0.22956730769230768 0.11298076923076923 0.20432692307692307
1 0.04807692307692308 0.2860576923076923 0.06971153846153846 0.12980769230769232
1 0.5180288461538461 0.27283653846153844 0.052884615384615384 0.11298076923076923
1 0.3173076923076923 0.16947115384615385 0.12740384615384615 0.23076923076923078
1 0.8052884615384616 0.21514423076923078 0.08653846153846154 0.18990384615384615
1 0.38461538461538464 0.2512019230769231 0.06490384615384616 0.14903846153846154
1 0.5793269230769231 0.27163461538461536 0.04567307692307692 0.11298076923076923
1 0.6069711538461539 0.27524038461538464 0.05048076923076923 0.11057692307692307
1 0.9134615384615384 0.25721153846153844 0.17307692307692307 0.5144230769230769
1 0.6971153846153846 0.27524038461538464 0.038461538461538464 0.07451923076923077
1 0.6550480769230769 0.29447115384615385 0.040865384615384616 0.09134615384615384
1 0.4230769230769231 0.27403846153846156 0.040865384615384616 0.13942307692307693
1 0.4543269230769231 0.3161057692307692 0.05048076923076923 0.10817307692307693