1 0.2091346153846154 0.234375 0.12259615384615384 0.21394230769230768
1 0.05048076923076923 0.2800480769230769 0.07692307692307693 0.1346153846153846
1 0.5348557692307693 0.3004807692307692 0.057692307692307696 0.11778846153846154
1 0.33653846153846156 0.1814903846153846 0.13942307692307693 0.24278846153846154
1 0.8353365384615384 0.2620192307692308 0.09615384615384616 0.1971153846153846
1 0.40024038461538464 0.2692307692307692 0.07211538461538461 0.15625
1 0.5985576923076923 0.30408653846153844 0.052884615384615384 0.11778846153846154
1 0.6262019230769231 0.31009615384615385 0.055288461538461536 0.11538461538461539
1 0.9230769230769231 0.30528846153846156 0.15384615384615385 0.5528846153846154
1 0.71875 0.3173076923076923 0.040865384615384616 0.07692307692307693
1 0.6742788461538461 0.3329326923076923 0.04326923076923077 0.09375
1 0.4375 0.2956730769230769 0.04807692307692308 0.14423076923076922
1 0.4675480769230769 0.3401442307692308 0.055288461538461536 0.11298076923076923