1 0.8533653846153846 0.4735576923076923 0.052884615384615384 0.09615384615384616
1 0.6935096153846154 0.46153846153846156 0.03365384615384615 0.07211538461538461
1 0.4987980769230769 0.46634615384615385 0.052884615384615384 0.09615384615384616
0 0.21875 0.45913461538461536 0.04807692307692308 0.0889423076923077
0 0.28846153846153844 0.46634615384615385 0.04807692307692308 0.0889423076923077
0 0.44350961538461536 0.4723557692307692 0.038461538461538464 0.07692307692307693
0 0.7584134615384616 0.46634615384615385 0.04326923076923077 0.07451923076923077
0 0.8161057692307693 0.5036057692307693 0.03365384615384615 0.0673076923076923
0 0.65625 0.4795673076923077 0.028846153846153848 0.055288461538461536
1 0.5612980769230769 0.47596153846153844 0.04326923076923077 0.07692307692307693
1 0.39302884615384615 0.46153846153846156 0.038461538461538464 0.09134615384615384