1 0.4230769230769231 0.6189903846153846 0.06009615384615385 0.06971153846153846
1 0.7752403846153846 0.0673076923076923 0.04807692307692308 0.06490384615384616
1 0.5372596153846154 0.10096153846153846 0.05048076923076923 0.08173076923076923
1 0.6766826923076923 0.625 0.055288461538461536 0.0625
1 0.4699519230769231 0.3233173076923077 0.05048076923076923 0.06009615384615385
0 0.7764423076923077 0.5889423076923077 0.04567307692307692 0.0625
0 0.9290865384615384 0.5576923076923077 0.036057692307692304 0.040865384615384616
0 0.26322115384615385 0.7199519230769231 0.07451923076923077 0.07211538461538461
0 0.06971153846153846 0.8317307692307693 0.07211538461538461 0.07451923076923077
0 0.008413461538461538 0.828125 0.016826923076923076 0.10817307692307693
0 0.7199519230769231 0.6262019230769231 0.036057692307692304 0.04326923076923077