1 0.734375 0.3293269230769231 0.06971153846153846 0.12259615384615384
1 0.7379807692307693 0.203125 0.055288461538461536 0.09375
1 0.6189903846153846 0.19951923076923078 0.06009615384615385 0.10336538461538461
1 0.6129807692307693 0.34975961538461536 0.0673076923076923 0.11538461538461539
1 0.4831730769230769 0.3473557692307692 0.06971153846153846 0.12980769230769232
1 0.3401442307692308 0.33533653846153844 0.07211538461538461 0.13942307692307693
1 0.21995192307692307 0.3473557692307692 0.06971153846153846 0.14182692307692307
1 0.4891826923076923 0.1778846153846154 0.055288461538461536 0.11057692307692307
1 0.3713942307692308 0.20192307692307693 0.057692307692307696 0.10336538461538461
1 0.25721153846153844 0.22956730769230768 0.06490384615384616 0.10576923076923077
1 0.14543269230769232 0.23798076923076922 0.0625 0.11538461538461539
1 0.078125 0.31490384615384615 0.08653846153846154 0.12740384615384615