1 0.9290865384615384 0.35336538461538464 0.1346153846153846 0.1971153846153846
1 0.8100961538461539 0.3870192307692308 0.0985576923076923 0.13701923076923078
1 0.44591346153846156 0.44591346153846156 0.08173076923076923 0.12980769230769232
1 0.6201923076923077 0.38341346153846156 0.07451923076923077 0.11538461538461539
1 0.30649038461538464 0.4675480769230769 0.057692307692307696 0.10336538461538461
1 0.36538461538461536 0.4639423076923077 0.05048076923076923 0.09134615384615384
1 0.5024038461538461 0.4519230769230769 0.05048076923076923 0.09615384615384616
1 0.5913461538461539 0.43028846153846156 0.040865384615384616 0.07692307692307693
1 0.24278846153846154 0.484375 0.052884615384615384 0.08413461538461539
1 0.16706730769230768 0.4699519230769231 0.04567307692307692 0.07932692307692307
1 0.6526442307692307 0.4266826923076923 0.04567307692307692 0.0673076923076923