1 0.2704326923076923 0.4014423076923077 0.07692307692307693 0.1201923076923077
1 0.24759615384615385 0.28365384615384615 0.06009615384615385 0.09375
1 0.3581730769230769 0.2620192307692308 0.06490384615384616 0.10096153846153846
1 0.3858173076923077 0.4014423076923077 0.07211538461538461 0.11538461538461539
1 0.5072115384615384 0.38100961538461536 0.07692307692307693 0.12740384615384615
1 0.6370192307692307 0.3473557692307692 0.07932692307692307 0.13701923076923078
1 0.7512019230769231 0.3425480769230769 0.07692307692307693 0.13942307692307693
1 0.47596153846153844 0.22355769230769232 0.06009615384615385 0.10817307692307693
1 0.5889423076923077 0.22716346153846154 0.06490384615384616 0.10096153846153846
1 0.6995192307692307 0.23677884615384615 0.0673076923076923 0.10576923076923077
1 0.8040865384615384 0.2283653846153846 0.0673076923076923 0.11298076923076923
1 0.8786057692307693 0.29086538461538464 0.09134615384615384 0.12740384615384615