1 0.2764423076923077 0.3557692307692308 0.0673076923076923 0.1201923076923077
1 0.27283653846153844 0.234375 0.055288461538461536 0.09134615384615384
1 0.38822115384615385 0.23076923076923078 0.057692307692307696 0.10096153846153846
1 0.3954326923076923 0.3762019230769231 0.0673076923076923 0.11298076923076923
1 0.5204326923076923 0.375 0.0673076923076923 0.125
1 0.6574519230769231 0.3629807692307692 0.06971153846153846 0.1346153846153846
1 0.7728365384615384 0.3737980769230769 0.0673076923076923 0.13701923076923078
1 0.5132211538461539 0.21033653846153846 0.052884615384615384 0.10576923076923077
1 0.6274038461538461 0.23317307692307693 0.057692307692307696 0.10096153846153846
1 0.7379807692307693 0.25961538461538464 0.06009615384615385 0.10336538461538461
1 0.8461538461538461 0.26802884615384615 0.06009615384615385 0.11298076923076923
1 0.9110576923076923 0.3425480769230769 0.08173076923076923 0.12259615384615384