1 0.051682692307692304 0.4170673076923077 0.10336538461538461 0.19471153846153846
1 0.16947115384615385 0.4387019230769231 0.09134615384615384 0.13701923076923078
1 0.5516826923076923 0.453125 0.07211538461538461 0.12980769230769232
1 0.3641826923076923 0.4110576923076923 0.0673076923076923 0.11298076923076923
1 0.6959134615384616 0.4567307692307692 0.05048076923076923 0.10336538461538461
1 0.6358173076923077 0.46153846153846156 0.04567307692307692 0.09134615384615384
1 0.49399038461538464 0.4651442307692308 0.04567307692307692 0.09375
1 0.39783653846153844 0.4543269230769231 0.036057692307692304 0.07692307692307693
1 0.765625 0.46634615384615385 0.04807692307692308 0.08173076923076923
1 0.8413461538461539 0.4423076923076923 0.040865384615384616 0.07932692307692307
1 0.33413461538461536 0.46033653846153844 0.040865384615384616 0.0673076923076923