1 0.030048076923076924 0.3088942307692308 0.06009615384615385 0.25240384615384615
1 0.20793269230769232 0.35216346153846156 0.13701923076923078 0.23076923076923078
1 0.7067307692307693 0.6081730769230769 0.08653846153846154 0.1466346153846154
0 0.7980769230769231 0.2980769230769231 0.0985576923076923 0.18269230769230768
0 0.5961538461538461 0.30288461538461536 0.10576923076923077 0.19230769230769232
0 0.3858173076923077 0.30528846153846156 0.10336538461538461 0.1971153846153846
0 0.45552884615384615 0.33533653846153844 0.0889423076923077 0.18028846153846154
0 0.9663461538461539 0.3004807692307692 0.052884615384615384 0.20192307692307693
0 0.8377403846153846 0.36899038461538464 0.06009615384615385 0.13221153846153846
1 0.1658653846153846 0.703125 0.07932692307692307 0.15384615384615385
0 0.052884615384615384 0.38341346153846156 0.0889423076923077 0.19951923076923078