1 0.5901442307692307 0.6382211538461539 0.0625 0.07211538461538461
1 0.31971153846153844 0.07211538461538461 0.052884615384615384 0.06490384615384616
1 0.5420673076923077 0.13341346153846154 0.052884615384615384 0.08173076923076923
1 0.34975961538461536 0.6129807692307693 0.057692307692307696 0.0625
1 0.5805288461538461 0.35096153846153844 0.052884615384615384 0.06009615384615385
0 0.25961538461538464 0.5673076923076923 0.04807692307692308 0.0625
0 0.11658653846153846 0.5204326923076923 0.038461538461538464 0.040865384615384616
0 0.7307692307692307 0.7512019230769231 0.07692307692307693 0.07451923076923077
0 0.9002403846153846 0.8810096153846154 0.07211538461538461 0.07692307692307693
0 0.9567307692307693 0.8834134615384616 0.021634615384615384 0.10096153846153846
0 0.3076923076923077 0.6105769230769231 0.038461538461538464 0.04326923076923077