1 0.9651442307692307 0.25721153846153844 0.06971153846153846 0.25
1 0.7752403846153846 0.31850961538461536 0.1201923076923077 0.22596153846153846
1 0.296875 0.6189903846153846 0.07451923076923077 0.14423076923076922
0 0.1778846153846154 0.3161057692307692 0.08413461538461539 0.1778846153846154
0 0.38221153846153844 0.30288461538461536 0.09134615384615384 0.1875
0 0.5925480769230769 0.28725961538461536 0.08653846153846154 0.19230769230769232
0 0.5264423076923077 0.3233173076923077 0.07451923076923077 0.1778846153846154
0 0.013221153846153846 0.3329326923076923 0.026442307692307692 0.20192307692307693
0 0.14543269230769232 0.3918269230769231 0.04807692307692308 0.12980769230769232
1 0.8485576923076923 0.6670673076923077 0.0673076923076923 0.14903846153846154
0 0.9350961538461539 0.33653846153846156 0.07211538461538461 0.19471153846153846