1 0.9579326923076923 0.40024038461538464 0.08413461538461539 0.19951923076923078
1 0.8521634615384616 0.4182692307692308 0.0985576923076923 0.14182692307692307
1 0.46274038461538464 0.41947115384615385 0.07932692307692307 0.1346153846153846
1 0.65625 0.38461538461538464 0.07211538461538461 0.11778846153846154
1 0.31490384615384615 0.4182692307692308 0.055288461538461536 0.10817307692307693
1 0.37740384615384615 0.4254807692307692 0.04807692307692308 0.09375
1 0.5216346153846154 0.4338942307692308 0.05048076923076923 0.09615384615384616
1 0.6189903846153846 0.4266826923076923 0.038461538461538464 0.07932692307692307
1 0.24639423076923078 0.4266826923076923 0.05048076923076923 0.08413461538461539
1 0.16947115384615385 0.39783653846153844 0.04567307692307692 0.08173076923076923
1 0.6838942307692307 0.43509615384615385 0.04326923076923077 0.06971153846153846