1 0.09375 0.4543269230769231 0.07932692307692307 0.1346153846153846
1 0.16105769230769232 0.3798076923076923 0.057692307692307696 0.11298076923076923
1 0.2247596153846154 0.4375 0.0673076923076923 0.12740384615384615
1 0.40625 0.45072115384615385 0.07451923076923077 0.14423076923076922
1 0.20432692307692307 0.31490384615384615 0.0625 0.0985576923076923
1 0.24519230769230768 0.25961538461538464 0.0625 0.09375
1 0.3112980769230769 0.2548076923076923 0.055288461538461536 0.0985576923076923
1 0.48197115384615385 0.21394230769230768 0.055288461538461536 0.09375
1 0.5072115384615384 0.3125 0.057692307692307696 0.125
1 0.5264423076923077 0.42908653846153844 0.06490384615384616 0.12740384615384615
1 0.5793269230769231 0.4855769230769231 0.07692307692307693 0.14423076923076922
1 0.5853365384615384 0.24759615384615385 0.06009615384615385 0.11538461538461539
1 0.7560096153846154 0.4567307692307692 0.0673076923076923 0.11778846153846154
1 0.7151442307692307 0.3713942307692308 0.06009615384615385 0.10336538461538461
1 0.9146634615384616 0.5024038461538461 0.09375 0.16105769230769232