1 0.8954326923076923 0.5204326923076923 0.0985576923076923 0.14423076923076922
1 0.8449519230769231 0.4326923076923077 0.07451923076923077 0.1201923076923077
1 0.7704326923076923 0.47716346153846156 0.08413461538461539 0.13701923076923078
1 0.5853365384615384 0.4519230769230769 0.09375 0.15384615384615385
1 0.8137019230769231 0.3605769230769231 0.07692307692307693 0.10817307692307693
1 0.7860576923076923 0.296875 0.07451923076923077 0.10096153846153846
1 0.7223557692307693 0.27884615384615385 0.06971153846153846 0.10576923076923077
1 0.5600961538461539 0.20192307692307693 0.0673076923076923 0.10096153846153846
1 0.5132211538461539 0.2932692307692308 0.07451923076923077 0.13221153846153846
1 0.4699519230769231 0.4050480769230769 0.08173076923076923 0.13701923076923078
1 0.4050480769230769 0.4495192307692308 0.09615384615384616 0.15384615384615385
1 0.45072115384615385 0.2127403846153846 0.07692307692307693 0.12259615384615384
1 0.234375 0.38341346153846156 0.08413461538461539 0.12740384615384615
1 0.29447115384615385 0.3088942307692308 0.07451923076923077 0.11057692307692307
1 0.06971153846153846 0.3942307692307692 0.11538461538461539 0.17067307692307693