1 0.13221153846153846 0.7716346153846154 0.07932692307692307 0.1346153846153846
1 0.3942307692307692 0.6875 0.06009615384615385 0.125
1 0.8100961538461539 0.6802884615384616 0.052884615384615384 0.0985576923076923
1 0.021634615384615384 0.6971153846153846 0.026442307692307692 0.10336538461538461
1 0.9026442307692307 0.6742788461538461 0.055288461538461536 0.11298076923076923
1 0.9435096153846154 0.6923076923076923 0.07211538461538461 0.12980769230769232
1 0.5072115384615384 0.6983173076923077 0.06009615384615385 0.10576923076923077
1 0.21153846153846154 0.7019230769230769 0.052884615384615384 0.10336538461538461
1 0.16706730769230768 0.7103365384615384 0.038461538461538464 0.08413461538461539
1 0.5769230769230769 0.6911057692307693 0.028846153846153848 0.06009615384615385
1 0.46153846153846156 0.6947115384615384 0.03365384615384615 0.0625
1 0.5444711538461539 0.703125 0.026442307692307692 0.06009615384615385