1 0.8870192307692307 0.6923076923076923 0.07451923076923077 0.12980769230769232
1 0.625 0.6430288461538461 0.057692307692307696 0.1201923076923077
1 0.22355769230769232 0.6850961538461539 0.05048076923076923 0.09615384615384616
1 0.9855769230769231 0.6081730769230769 0.028846153846153848 0.10096153846153846
1 0.1346153846153846 0.6899038461538461 0.05048076923076923 0.10817307692307693
1 0.09615384615384616 0.7127403846153846 0.06971153846153846 0.125
1 0.5180288461538461 0.6670673076923077 0.057692307692307696 0.10336538461538461
1 0.8016826923076923 0.6346153846153846 0.05048076923076923 0.0985576923076923
1 0.8461538461538461 0.6370192307692307 0.036057692307692304 0.08173076923076923
1 0.4483173076923077 0.6670673076923077 0.028846153846153848 0.057692307692307696
1 0.5600961538461539 0.6574519230769231 0.03125 0.06009615384615385
1 0.4831730769230769 0.6754807692307693 0.02403846153846154 0.057692307692307696