1 0.7860576923076923 0.6947115384615384 0.0625 0.08653846153846154
1 0.7439903846153846 0.6947115384615384 0.055288461538461536 0.08653846153846154
1 0.6394230769230769 0.7043269230769231 0.057692307692307696 0.07692307692307693
1 0.6754807692307693 0.6802884615384616 0.03365384615384615 0.055288461538461536
1 0.5048076923076923 0.7872596153846154 0.052884615384615384 0.06490384615384616
1 0.4483173076923077 0.6298076923076923 0.055288461538461536 0.0625
1 0.33774038461538464 0.6298076923076923 0.038461538461538464 0.06490384615384616
1 0.30408653846153844 0.7079326923076923 0.04807692307692308 0.057692307692307696
1 0.29447115384615385 0.6322115384615384 0.03125 0.05048076923076923
1 0.23197115384615385 0.6550480769230769 0.04326923076923077 0.06009615384615385
1 0.2620192307692308 0.75 0.036057692307692304 0.04807692307692308