1 0.8425480769230769 0.6334134615384616 0.0625 0.08653846153846154
1 0.8016826923076923 0.6442307692307693 0.055288461538461536 0.08653846153846154
1 0.7007211538461539 0.6838942307692307 0.057692307692307696 0.07932692307692307
1 0.7295673076923077 0.6490384615384616 0.03365384615384615 0.057692307692307696
1 0.5901442307692307 0.8028846153846154 0.05048076923076923 0.06490384615384616
1 0.49038461538461536 0.6634615384615384 0.055288461538461536 0.0625
1 0.38221153846153844 0.6959134615384616 0.038461538461538464 0.0673076923076923
1 0.3701923076923077 0.7824519230769231 0.04807692307692308 0.057692307692307696
1 0.33774038461538464 0.7103365384615384 0.03125 0.05048076923076923
1 0.28365384615384615 0.7487980769230769 0.04326923076923077 0.06009615384615385
1 0.3401442307692308 0.8353365384615384 0.036057692307692304 0.04807692307692308