1 0.1201923076923077 0.7860576923076923 0.07451923076923077 0.13942307692307693
1 0.40024038461538464 0.7223557692307693 0.057692307692307696 0.12740384615384615
1 0.8305288461538461 0.7524038461538461 0.05048076923076923 0.10096153846153846
1 0.01201923076923077 0.6983173076923077 0.02403846153846154 0.10817307692307693
1 0.9266826923076923 0.7536057692307693 0.05048076923076923 0.11298076923076923
1 0.9651442307692307 0.7764423076923077 0.0625 0.12980769230769232
1 0.5144230769230769 0.7427884615384616 0.057692307692307696 0.10817307692307693
1 0.2091346153846154 0.7199519230769231 0.05048076923076923 0.10336538461538461
1 0.1622596153846154 0.7235576923076923 0.036057692307692304 0.08653846153846154
1 0.5889423076923077 0.7415865384615384 0.026442307692307692 0.06009615384615385
1 0.4699519230769231 0.7355769230769231 0.03125 0.06490384615384616
1 0.5528846153846154 0.7512019230769231 0.021634615384615384 0.06009615384615385