0 0.8269230769230769 0.22355769230769232 0.07451923076923077 0.12740384615384615
0 0.7463942307692307 0.2283653846153846 0.06490384615384616 0.12259615384615384
0 0.9206730769230769 0.22596153846153846 0.07451923076923077 0.18269230769230768
0 0.43990384615384615 0.21634615384615385 0.0625 0.10336538461538461
0 0.9723557692307693 0.21995192307692307 0.055288461538461536 0.17548076923076922
0 0.6670673076923077 0.24639423076923078 0.03365384615384615 0.07932692307692307
0 0.9879807692307693 0.20793269230769232 0.02403846153846154 0.3485576923076923
0 0.6971153846153846 0.26322115384615385 0.036057692307692304 0.08173076923076923
0 0.5564903846153846 0.24519230769230768 0.052884615384615384 0.10576923076923077
0 0.5925480769230769 0.23317307692307693 0.040865384615384616 0.09375
0 0.5024038461538461 0.22115384615384615 0.036057692307692304 0.07451923076923077
0 0.3293269230769231 0.24639423076923078 0.03365384615384615 0.06490384615384616
0 0.3545673076923077 0.23076923076923078 0.03365384615384615 0.07932692307692307