1 0.04567307692307692 0.25841346153846156 0.09134615384615384 0.18269230769230768
1 0.921875 0.16826923076923078 0.1346153846153846 0.23557692307692307
1 0.8581730769230769 0.33774038461538464 0.07932692307692307 0.13701923076923078
1 0.7692307692307693 0.3798076923076923 0.06009615384615385 0.11298076923076923
1 0.47836538461538464 0.36538461538461536 0.04326923076923077 0.08173076923076923
1 0.27163461538461536 0.36778846153846156 0.03365384615384615 0.07692307692307693
1 0.12620192307692307 0.38461538461538464 0.04807692307692308 0.11057692307692307
1 0.6778846153846154 0.3786057692307692 0.03365384615384615 0.07692307692307693
1 0.3269230769230769 0.38461538461538464 0.04326923076923077 0.07692307692307693
1 0.0673076923076923 0.35697115384615385 0.05048076923076923 0.125
1 0.5276442307692307 0.44350961538461536 0.038461538461538464 0.06009615384615385
1 0.7307692307692307 0.40865384615384615 0.04326923076923077 0.07692307692307693