1 0.8461538461538461 0.6237980769230769 0.0673076923076923 0.09134615384615384
1 0.8064903846153846 0.6370192307692307 0.057692307692307696 0.0889423076923077
1 0.7067307692307693 0.6814903846153846 0.06009615384615385 0.08173076923076923
1 0.734375 0.6442307692307693 0.036057692307692304 0.057692307692307696
1 0.6021634615384616 0.8064903846153846 0.055288461538461536 0.0673076923076923
1 0.49278846153846156 0.671875 0.057692307692307696 0.06490384615384616
1 0.3858173076923077 0.7103365384615384 0.040865384615384616 0.0673076923076923
1 0.3798076923076923 0.7980769230769231 0.05048076923076923 0.06009615384615385
1 0.34375 0.7259615384615384 0.03365384615384615 0.052884615384615384
1 0.28966346153846156 0.7704326923076923 0.04807692307692308 0.0625
1 0.35096153846153844 0.8533653846153846 0.038461538461538464 0.04807692307692308