1 0.10697115384615384 0.27884615384615385 0.09134615384615384 0.18028846153846154
1 0.9507211538461539 0.18990384615384615 0.0985576923076923 0.23076923076923078
1 0.9050480769230769 0.3581730769230769 0.07692307692307693 0.1346153846153846
1 0.8173076923076923 0.39903846153846156 0.057692307692307696 0.11057692307692307
1 0.5324519230769231 0.38341346153846156 0.04326923076923077 0.08173076923076923
1 0.3317307692307692 0.3870192307692308 0.03365384615384615 0.07692307692307693
1 0.18870192307692307 0.40384615384615385 0.04807692307692308 0.10817307692307693
1 0.7283653846153846 0.39663461538461536 0.03365384615384615 0.07692307692307693
1 0.3858173076923077 0.40384615384615385 0.04326923076923077 0.07692307692307693
1 0.1310096153846154 0.3762019230769231 0.04807692307692308 0.125
1 0.5817307692307693 0.46033653846153844 0.038461538461538464 0.057692307692307696
1 0.7800480769230769 0.4266826923076923 0.040865384615384616 0.07692307692307693