0 0.2644230769230769 0.15144230769230768 0.08653846153846154 0.1346153846153846
0 0.34375 0.17427884615384615 0.07692307692307693 0.12740384615384615
0 0.17307692307692307 0.12980769230769232 0.09375 0.1875
0 0.6478365384615384 0.23798076923076922 0.07451923076923077 0.10817307692307693
0 0.11658653846153846 0.11057692307692307 0.08413461538461539 0.18028846153846154
0 0.4182692307692308 0.21153846153846154 0.040865384615384616 0.08173076923076923
0 0.08653846153846154 0.13341346153846154 0.10576923076923077 0.2668269230769231
0 0.38341346153846156 0.22115384615384615 0.04567307692307692 0.08413461538461539
0 0.5264423076923077 0.23798076923076922 0.06490384615384616 0.10817307692307693
0 0.49399038461538464 0.21754807692307693 0.04807692307692308 0.09615384615384616
0 0.5853365384615384 0.22716346153846154 0.04326923076923077 0.07692307692307693
0 0.7487980769230769 0.2932692307692308 0.040865384615384616 0.0673076923076923
0 0.7283653846153846 0.27283653846153844 0.040865384615384616 0.08173076923076923