1 0.10336538461538461 0.4206730769230769 0.08173076923076923 0.13221153846153846
1 0.171875 0.34975961538461536 0.06009615384615385 0.11057692307692307
1 0.23197115384615385 0.4074519230769231 0.06971153846153846 0.12740384615384615
1 0.4098557692307692 0.42788461538461536 0.07692307692307693 0.14182692307692307
1 0.21754807692307693 0.28725961538461536 0.06490384615384616 0.0985576923076923
1 0.25721153846153844 0.23557692307692307 0.06490384615384616 0.09375
1 0.32211538461538464 0.23317307692307693 0.057692307692307696 0.0985576923076923
1 0.49038461538461536 0.19951923076923078 0.057692307692307696 0.09134615384615384
1 0.5132211538461539 0.2956730769230769 0.06009615384615385 0.12259615384615384
1 0.5276442307692307 0.40865384615384615 0.0673076923076923 0.12740384615384615
1 0.578125 0.46634615384615385 0.07932692307692307 0.14182692307692307
1 0.5925480769230769 0.23557692307692307 0.0625 0.11298076923076923
1 0.7524038461538461 0.44591346153846156 0.06971153846153846 0.11778846153846154
1 0.7151442307692307 0.3605769230769231 0.0625 0.10336538461538461
1 0.9050480769230769 0.4951923076923077 0.09615384615384616 0.15865384615384615