0 0.24879807692307693 0.13341346153846154 0.07692307692307693 0.12980769230769232
0 0.33052884615384615 0.14783653846153846 0.0673076923076923 0.125
0 0.15384615384615385 0.12139423076923077 0.07451923076923077 0.18509615384615385
0 0.6430288461538461 0.18028846153846154 0.06490384615384616 0.10576923076923077
0 0.09615384615384616 0.10697115384615384 0.06971153846153846 0.1778846153846154
0 0.40865384615384615 0.1778846153846154 0.03365384615384615 0.07932692307692307
0 0.055288461538461536 0.13341346153846154 0.08173076923076923 0.2668269230769231
0 0.375 0.18990384615384615 0.038461538461538464 0.08413461538461539
0 0.5216346153846154 0.19230769230769232 0.055288461538461536 0.10576923076923077
0 0.4855769230769231 0.17427884615384615 0.040865384615384616 0.09615384615384616
0 0.5793269230769231 0.17548076923076922 0.036057692307692304 0.07692307692307693
0 0.7512019230769231 0.2247596153846154 0.03365384615384615 0.0673076923076923
0 0.7283653846153846 0.20673076923076922 0.03365384615384615 0.07932692307692307