1 0.9026442307692307 0.3233173076923077 0.10096153846153846 0.18269230769230768
1 0.06009615384615385 0.20552884615384615 0.10817307692307693 0.23557692307692307
1 0.09975961538461539 0.37259615384615385 0.08173076923076923 0.13701923076923078
1 0.18629807692307693 0.4170673076923077 0.0625 0.11298076923076923
1 0.4735576923076923 0.41225961538461536 0.04567307692307692 0.08413461538461539
1 0.6742788461538461 0.4230769230769231 0.038461538461538464 0.07692307692307693
1 0.8173076923076923 0.44350961538461536 0.052884615384615384 0.11057692307692307
1 0.27524038461538464 0.4182692307692308 0.036057692307692304 0.07692307692307693
1 0.6201923076923077 0.4362980769230769 0.04567307692307692 0.07692307692307693
1 0.8762019230769231 0.4182692307692308 0.055288461538461536 0.125
1 0.4206730769230769 0.4879807692307692 0.038461538461538464 0.06009615384615385
1 0.22235576923076922 0.44591346153846156 0.04326923076923077 0.07692307692307693