1 0.7992788461538461 0.6298076923076923 0.0625 0.09615384615384616
1 0.4987980769230769 0.5516826923076923 0.03125 0.05048076923076923
1 0.609375 0.5745192307692307 0.040865384615384616 0.055288461538461536
1 0.4326923076923077 0.5817307692307693 0.03125 0.05048076923076923
1 0.546875 0.6021634615384616 0.038461538461538464 0.038461538461538464
1 0.3473557692307692 0.5384615384615384 0.038461538461538464 0.06971153846153846
1 0.3762019230769231 0.5588942307692307 0.040865384615384616 0.06971153846153846
1 0.22355769230769232 0.5324519230769231 0.040865384615384616 0.07211538461538461
1 0.109375 0.5204326923076923 0.040865384615384616 0.06971153846153846
1 0.06850961538461539 0.5036057692307693 0.04567307692307692 0.07211538461538461
1 0.25721153846153844 0.53125 0.04326923076923077 0.07211538461538461
1 0.2800480769230769 0.5396634615384616 0.03365384615384615 0.06009615384615385
1 0.171875 0.5180288461538461 0.03125 0.06490384615384616
1 0.1502403846153846 0.5336538461538461 0.02403846153846154 0.055288461538461536
1 0.008413461538461538 0.5120192307692307 0.016826923076923076 0.04807692307692308
1 0.20072115384615385 0.5120192307692307 0.036057692307692304 0.06009615384615385
1 0.296875 0.5396634615384616 0.021634615384615384 0.05048076923076923
1 0.4699519230769231 0.5612980769230769 0.03125 0.04326923076923077