1 0.20673076923076922 0.4423076923076923 0.08413461538461539 0.11538461538461539
1 0.6165865384615384 0.5745192307692307 0.0625 0.09134615384615384
1 0.9399038461538461 0.5733173076923077 0.05048076923076923 0.06009615384615385
1 0.9254807692307693 0.5276442307692307 0.04326923076923077 0.055288461538461536
1 0.8762019230769231 0.5504807692307693 0.055288461538461536 0.0625
1 0.7199519230769231 0.5480769230769231 0.0625 0.07692307692307693
1 0.46033653846153844 0.5060096153846154 0.07451923076923077 0.09375
1 0.359375 0.42788461538461536 0.06490384615384616 0.08173076923076923
1 0.13822115384615385 0.3762019230769231 0.08653846153846154 0.10576923076923077
1 0.7512019230769231 0.43509615384615385 0.04807692307692308 0.07211538461538461
1 0.5048076923076923 0.44471153846153844 0.055288461538461536 0.07932692307692307
1 0.3076923076923077 0.5096153846153846 0.09375 0.125
1 0.8557692307692307 0.49278846153846156 0.052884615384615384 0.06490384615384616