1 0.10817307692307693 0.32211538461538464 0.19230769230769232 0.31490384615384615
1 0.6526442307692307 0.3762019230769231 0.07932692307692307 0.13221153846153846
1 0.4891826923076923 0.33052884615384615 0.10817307692307693 0.1875
1 0.32211538461538464 0.40865384615384615 0.15384615384615385 0.25
1 0.5096153846153846 0.43149038461538464 0.07932692307692307 0.13221153846153846
1 0.7007211538461539 0.43509615384615385 0.06971153846153846 0.0985576923076923
1 0.7319711538461539 0.41586538461538464 0.055288461538461536 0.0985576923076923
1 0.7692307692307693 0.42427884615384615 0.06971153846153846 0.11057692307692307
1 0.8197115384615384 0.4026442307692308 0.04567307692307692 0.07211538461538461
1 0.8605769230769231 0.42427884615384615 0.05048076923076923 0.07932692307692307
1 0.1778846153846154 0.39302884615384615 0.08173076923076923 0.125