1 0.8004807692307693 0.6502403846153846 0.06490384615384616 0.0985576923076923
1 0.4879807692307692 0.5685096153846154 0.03365384615384615 0.052884615384615384
1 0.6021634615384616 0.59375 0.040865384615384616 0.057692307692307696
1 0.4170673076923077 0.6009615384615384 0.03365384615384615 0.052884615384615384
1 0.5360576923076923 0.6201923076923077 0.038461538461538464 0.040865384615384616
1 0.328125 0.5552884615384616 0.038461538461538464 0.07211538461538461
1 0.359375 0.5769230769230769 0.040865384615384616 0.07211538461538461
1 0.19951923076923078 0.5480769230769231 0.04326923076923077 0.07692307692307693
1 0.08173076923076923 0.5372596153846154 0.04326923076923077 0.07211538461538461
1 0.038461538461538464 0.5192307692307693 0.04807692307692308 0.07692307692307693
1 0.23557692307692307 0.5480769230769231 0.04567307692307692 0.07692307692307693
1 0.25841346153846156 0.5576923076923077 0.03365384615384615 0.0625
1 0.14543269230769232 0.5336538461538461 0.03365384615384615 0.0673076923076923
1 0.12379807692307693 0.5492788461538461 0.026442307692307692 0.057692307692307696
1 0.17548076923076922 0.5276442307692307 0.036057692307692304 0.0625
1 0.2764423076923077 0.5564903846153846 0.02403846153846154 0.052884615384615384
1 0.4567307692307692 0.578125 0.03365384615384615 0.04567307692307692