1 0.15865384615384615 0.39783653846153844 0.09134615384615384 0.12740384615384615
1 0.8870192307692307 0.23197115384615385 0.08173076923076923 0.13221153846153846
1 0.6201923076923077 0.28846153846153844 0.09615384615384616 0.14903846153846154
1 0.25 0.3762019230769231 0.08653846153846154 0.13221153846153846
1 0.4110576923076923 0.37740384615384615 0.09375 0.12259615384615384
1 0.4170673076923077 0.6490384615384616 0.07451923076923077 0.14903846153846154
1 0.8449519230769231 0.3401442307692308 0.07211538461538461 0.11057692307692307
1 0.0985576923076923 0.4326923076923077 0.07692307692307693 0.11778846153846154
1 0.039663461538461536 0.43028846153846156 0.06490384615384616 0.10336538461538461
1 0.3425480769230769 0.4651442307692308 0.11778846153846154 0.19951923076923078
1 0.5084134615384616 0.4495192307692308 0.0673076923076923 0.10336538461538461
1 0.49038461538461536 0.3737980769230769 0.057692307692307696 0.09375