1 0.8016826923076923 0.4639423076923077 0.07692307692307693 0.11298076923076923
1 0.36778846153846156 0.5540865384615384 0.057692307692307696 0.09134615384615384
1 0.03485576923076923 0.5180288461538461 0.04807692307692308 0.057692307692307696
1 0.055288461538461536 0.4723557692307692 0.038461538461538464 0.052884615384615384
1 0.10336538461538461 0.5012019230769231 0.05048076923076923 0.06009615384615385
1 0.26322115384615385 0.5168269230769231 0.057692307692307696 0.07451923076923077
1 0.5360576923076923 0.5012019230769231 0.0673076923076923 0.09134615384615384
1 0.6466346153846154 0.4326923076923077 0.057692307692307696 0.07932692307692307
1 0.8798076923076923 0.4026442307692308 0.08173076923076923 0.10096153846153846
1 0.2439903846153846 0.39663461538461536 0.04326923076923077 0.07211538461538461
1 0.4963942307692308 0.4338942307692308 0.05048076923076923 0.07692307692307693
1 0.6911057692307693 0.5216346153846154 0.08653846153846154 0.12259615384615384
1 0.12980769230769232 0.44591346153846156 0.04807692307692308 0.0625