1 0.8149038461538461 0.31971153846153844 0.07451923076923077 0.11538461538461539
1 0.0889423076923077 0.2848557692307692 0.0625 0.1201923076923077
1 0.3557692307692308 0.2932692307692308 0.07451923076923077 0.13701923076923078
1 0.7247596153846154 0.31490384615384615 0.06971153846153846 0.1201923076923077
1 0.5709134615384616 0.34375 0.07692307692307693 0.11298076923076923
1 0.6117788461538461 0.6045673076923077 0.055288461538461536 0.13942307692307693
1 0.1466346153846154 0.3798076923076923 0.057692307692307696 0.10096153846153846
1 0.8810096153846154 0.3425480769230769 0.06009615384615385 0.10817307692307693
1 0.9362980769230769 0.3329326923076923 0.05048076923076923 0.09375
1 0.6514423076923077 0.4170673076923077 0.09134615384615384 0.18509615384615385
1 0.4891826923076923 0.42908653846153844 0.055288461538461536 0.09375
1 0.49399038461538464 0.35336538461538464 0.04326923076923077 0.08653846153846154