1 0.037259615384615384 0.4567307692307692 0.07451923076923077 0.14423076923076922
1 0.5384615384615384 0.33774038461538464 0.07932692307692307 0.15144230769230768
1 0.234375 0.4098557692307692 0.07932692307692307 0.12740384615384615
1 0.9387019230769231 0.2620192307692308 0.0889423076923077 0.15144230769230768
1 0.7007211538461539 0.2800480769230769 0.08413461538461539 0.14423076923076922
1 0.7824519230769231 0.3161057692307692 0.07451923076923077 0.12740384615384615
1 0.1310096153846154 0.421875 0.07451923076923077 0.125
1 0.8365384615384616 0.3016826923076923 0.0673076923076923 0.12259615384615384
1 0.4338942307692308 0.36177884615384615 0.08653846153846154 0.13221153846153846
1 0.2932692307692308 0.38822115384615385 0.06490384615384616 0.11538461538461539
1 0.4807692307692308 0.3473557692307692 0.055288461538461536 0.125
1 0.6682692307692307 0.34375 0.04567307692307692 0.07692307692307693
1 0.6394230769230769 0.3629807692307692 0.038461538461538464 0.07451923076923077