1 0.9651442307692307 0.49278846153846156 0.06971153846153846 0.1346153846153846
1 0.49759615384615385 0.38100961538461536 0.07451923076923077 0.14182692307692307
1 0.78125 0.4495192307692308 0.07451923076923077 0.1201923076923077
1 0.1201923076923077 0.31009615384615385 0.09134615384615384 0.14182692307692307
1 0.34615384615384615 0.328125 0.07932692307692307 0.1346153846153846
1 0.2692307692307692 0.36177884615384615 0.06971153846153846 0.1201923076923077
1 0.8774038461538461 0.45913461538461536 0.06971153846153846 0.11538461538461539
1 0.21995192307692307 0.3473557692307692 0.0625 0.11538461538461539
1 0.5949519230769231 0.4026442307692308 0.07932692307692307 0.12259615384615384
1 0.7271634615384616 0.42908653846153844 0.0625 0.10817307692307693
1 0.5504807692307693 0.3894230769230769 0.05048076923076923 0.11778846153846154
1 0.3762019230769231 0.3870192307692308 0.040865384615384616 0.07211538461538461
1 0.07091346153846154 0.34134615384615385 0.055288461538461536 0.11057692307692307
1 0.4026442307692308 0.4050480769230769 0.036057692307692304 0.06971153846153846