1 0.21153846153846154 0.29447115384615385 0.08413461538461539 0.11778846153846154
1 0.9230769230769231 0.32211538461538464 0.06971153846153846 0.12259615384615384
1 0.6622596153846154 0.3076923076923077 0.08653846153846154 0.13942307692307693
1 0.3016826923076923 0.2980769230769231 0.07692307692307693 0.125
1 0.4495192307692308 0.3389423076923077 0.08413461538461539 0.11538461538461539
1 0.3870192307692308 0.5901442307692307 0.06490384615384616 0.13942307692307693
1 0.8581730769230769 0.4110576923076923 0.06490384615384616 0.10336538461538461
1 0.1466346153846154 0.3112980769230769 0.0673076923076923 0.11057692307692307
1 0.09375 0.2956730769230769 0.055288461538461536 0.09615384615384616
1 0.3641826923076923 0.4026442307692308 0.10576923076923077 0.1875
1 0.5204326923076923 0.42908653846153844 0.06009615384615385 0.09615384615384616
1 0.5240384615384616 0.3545673076923077 0.05048076923076923 0.0889423076923077