1 0.8329326923076923 0.5625 0.07211538461538461 0.10096153846153846
1 0.5120192307692307 0.5649038461538461 0.036057692307692304 0.055288461538461536
1 0.6274038461538461 0.5588942307692307 0.04567307692307692 0.057692307692307696
1 0.4519230769230769 0.6129807692307693 0.036057692307692304 0.055288461538461536
1 0.5721153846153846 0.6021634615384616 0.040865384615384616 0.04326923076923077
1 0.3557692307692308 0.5925480769230769 0.04567307692307692 0.07451923076923077
1 0.390625 0.6057692307692307 0.04807692307692308 0.07451923076923077
1 0.22956730769230768 0.6201923076923077 0.04807692307692308 0.07692307692307693
1 0.11177884615384616 0.6394230769230769 0.04807692307692308 0.07451923076923077
1 0.0673076923076923 0.6322115384615384 0.052884615384615384 0.07932692307692307
1 0.26322115384615385 0.6105769230769231 0.05048076923076923 0.07692307692307693
1 0.28725961538461536 0.6117788461538461 0.038461538461538464 0.06490384615384616
1 0.17307692307692307 0.6201923076923077 0.038461538461538464 0.06971153846153846
1 0.15745192307692307 0.6394230769230769 0.028846153846153848 0.06009615384615385
1 0.20072115384615385 0.6045673076923077 0.040865384615384616 0.06490384615384616
1 0.30528846153846156 0.6069711538461539 0.028846153846153848 0.052884615384615384
1 0.4855769230769231 0.5817307692307693 0.036057692307692304 0.04807692307692308