1 0.14182692307692307 0.21033653846153846 0.2283653846153846 0.34375
1 0.6911057692307693 0.3954326923076923 0.09375 0.1466346153846154
1 0.5336538461538461 0.31009615384615385 0.12740384615384615 0.20432692307692307
1 0.34375 0.34975961538461536 0.18509615384615385 0.27403846153846156
1 0.53125 0.4182692307692308 0.09615384615384616 0.1466346153846154
1 0.7259615384615384 0.4675480769230769 0.08173076923076923 0.11057692307692307
1 0.7632211538461539 0.45552884615384615 0.0673076923076923 0.10817307692307693
1 0.8004807692307693 0.4735576923076923 0.08173076923076923 0.1201923076923077
1 0.8557692307692307 0.46274038461538464 0.055288461538461536 0.07932692307692307
1 0.8954326923076923 0.49399038461538464 0.06009615384615385 0.08653846153846154
1 0.1971153846153846 0.3016826923076923 0.09615384615384616 0.1346153846153846