1 0.17548076923076922 0.4362980769230769 0.08653846153846154 0.12259615384615384
1 0.6189903846153846 0.5600961538461539 0.06490384615384616 0.09615384615384616
1 0.9639423076923077 0.546875 0.052884615384615384 0.06490384615384616
1 0.9459134615384616 0.4987980769230769 0.04326923076923077 0.057692307692307696
1 0.8954326923076923 0.5252403846153846 0.055288461538461536 0.06490384615384616
1 0.7271634615384616 0.5288461538461539 0.06490384615384616 0.08173076923076923
1 0.4483173076923077 0.49399038461538464 0.07451923076923077 0.0985576923076923
1 0.3389423076923077 0.41466346153846156 0.06490384615384616 0.08413461538461539
1 0.09975961538461539 0.36778846153846156 0.0889423076923077 0.11057692307692307
1 0.7572115384615384 0.4074519230769231 0.05048076923076923 0.07692307692307693
1 0.49278846153846156 0.4266826923076923 0.057692307692307696 0.08413461538461539
1 0.2860576923076923 0.5024038461538461 0.09615384615384616 0.13221153846153846
1 0.8713942307692307 0.4639423076923077 0.055288461538461536 0.0673076923076923