1 0.057692307692307696 0.36778846153846156 0.08413461538461539 0.13221153846153846
1 0.5300480769230769 0.3737980769230769 0.07211538461538461 0.1346153846153846
1 0.24879807692307693 0.37259615384615385 0.06971153846153846 0.11538461538461539
1 0.8990384615384616 0.3954326923076923 0.08653846153846154 0.13701923076923078
1 0.6826923076923077 0.3605769230769231 0.07692307692307693 0.12980769230769232
1 0.7487980769230769 0.4098557692307692 0.0673076923076923 0.11298076923076923
1 0.15504807692307693 0.359375 0.0673076923076923 0.11057692307692307
1 0.796875 0.4074519230769231 0.06009615384615385 0.11057692307692307
1 0.4338942307692308 0.3713942307692308 0.07692307692307693 0.11778846153846154
1 0.30408653846153844 0.36538461538461536 0.06009615384615385 0.10576923076923077
1 0.47716346153846156 0.3701923076923077 0.04807692307692308 0.11057692307692307
1 0.6418269230769231 0.40865384615384615 0.040865384615384616 0.06971153846153846
1 0.9375 0.43509615384615385 0.055288461538461536 0.10576923076923077
1 0.6129807692307693 0.4182692307692308 0.036057692307692304 0.0673076923076923