1 0.109375 0.25961538461538464 0.18269230769230768 0.3125
1 0.6526442307692307 0.3701923076923077 0.07451923076923077 0.13221153846153846
1 0.49278846153846156 0.3088942307692308 0.10336538461538461 0.1875
1 0.3173076923076923 0.36899038461538464 0.14903846153846154 0.24759615384615385
1 0.5036057692307693 0.41225961538461536 0.07692307692307693 0.13221153846153846
1 0.6935096153846154 0.43509615384615385 0.0673076923076923 0.0985576923076923
1 0.7271634615384616 0.4206730769230769 0.052884615384615384 0.0985576923076923
1 0.765625 0.4326923076923077 0.06490384615384616 0.10817307692307693
1 0.8185096153846154 0.41586538461538464 0.04567307692307692 0.07211538461538461
1 0.8581730769230769 0.43990384615384615 0.05048076923076923 0.07932692307692307
1 0.17307692307692307 0.33774038461538464 0.07932692307692307 0.12259615384615384