1 0.10697115384615384 0.19230769230769232 0.1346153846153846 0.2403846153846154
0 0.030048076923076924 0.27884615384615385 0.06009615384615385 0.1346153846153846
0 0.203125 0.25721153846153844 0.10096153846153846 0.15625
0 0.34615384615384615 0.23677884615384615 0.08173076923076923 0.14423076923076922
0 0.5036057692307693 0.2824519230769231 0.0625 0.11538461538461539
0 0.5348557692307693 0.30408653846153844 0.036057692307692304 0.07932692307692307
0 0.6201923076923077 0.26802884615384615 0.057692307692307696 0.11538461538461539
0 0.65625 0.296875 0.04326923076923077 0.07692307692307693
0 0.7548076923076923 0.2644230769230769 0.057692307692307696 0.10817307692307693
0 0.7824519230769231 0.2800480769230769 0.040865384615384616 0.08173076923076923
0 0.8076923076923077 0.3173076923076923 0.036057692307692304 0.07211538461538461
0 0.875 0.3125 0.03365384615384615 0.052884615384615384
0 0.921875 0.3425480769230769 0.036057692307692304 0.04326923076923077