1 0.8353365384615384 0.1310096153846154 0.15865384615384615 0.25721153846153844
0 0.9326923076923077 0.2091346153846154 0.09375 0.1466346153846154
0 0.7463942307692307 0.20673076923076922 0.11778846153846154 0.16826923076923078
0 0.6021634615384616 0.20192307692307693 0.0985576923076923 0.15384615384615385
0 0.4483173076923077 0.26322115384615385 0.07451923076923077 0.12259615384615384
0 0.4182692307692308 0.28846153846153844 0.04326923076923077 0.08413461538461539
0 0.3293269230769231 0.2620192307692308 0.06971153846153846 0.12259615384615384
0 0.2956730769230769 0.29447115384615385 0.052884615384615384 0.08173076923076923
0 0.19471153846153846 0.27283653846153844 0.06971153846153846 0.11538461538461539
0 0.16826923076923078 0.29086538461538464 0.05048076923076923 0.08653846153846154
0 0.1466346153846154 0.33052884615384615 0.04326923076923077 0.07451923076923077
0 0.07932692307692307 0.3329326923076923 0.040865384615384616 0.055288461538461536
0 0.03365384615384615 0.36899038461538464 0.040865384615384616 0.04567307692307692