1 0.9170673076923077 0.234375 0.1466346153846154 0.24278846153846154
0 0.9759615384615384 0.32211538461538464 0.04807692307692308 0.1346153846153846
0 0.8209134615384616 0.29086538461538464 0.10817307692307693 0.15865384615384615
0 0.6826923076923077 0.2620192307692308 0.0889423076923077 0.1466346153846154
0 0.5276442307692307 0.2956730769230769 0.0673076923076923 0.11778846153846154
0 0.4951923076923077 0.3137019230769231 0.040865384615384616 0.07932692307692307
0 0.41586538461538464 0.27403846153846156 0.0625 0.11538461538461539
0 0.37740384615384615 0.29927884615384615 0.04807692307692308 0.07692307692307693
0 0.2848557692307692 0.2608173076923077 0.0625 0.10817307692307693
0 0.25841346153846156 0.27283653846153844 0.04567307692307692 0.08413461538461539
0 0.23076923076923078 0.3076923076923077 0.038461538461538464 0.06971153846153846
0 0.1658653846153846 0.29927884615384615 0.036057692307692304 0.05048076923076923
0 0.11778846153846154 0.3245192307692308 0.038461538461538464 0.04326923076923077