1 0.7211538461538461 0.4362980769230769 0.04567307692307692 0.057692307692307696
1 0.6346153846153846 0.47596153846153844 0.04807692307692308 0.057692307692307696
1 0.49399038461538464 0.41225961538461536 0.04326923076923077 0.06009615384615385
1 0.1875 0.26322115384615385 0.028846153846153848 0.05048076923076923
0 0.8677884615384616 0.7247596153846154 0.07451923076923077 0.06490384615384616
0 0.8221153846153846 0.5024038461538461 0.04807692307692308 0.055288461538461536
0 0.9194711538461539 0.6286057692307693 0.06009615384615385 0.08173076923076923
0 0.8701923076923077 0.6634615384615384 0.06971153846153846 0.06971153846153846
0 0.7391826923076923 0.5216346153846154 0.05048076923076923 0.0625
0 0.6646634615384616 0.5492788461538461 0.057692307692307696 0.0625
0 0.5600961538461539 0.5168269230769231 0.057692307692307696 0.07451923076923077
0 0.4387019230769231 0.43990384615384615 0.057692307692307696 0.06490384615384616
0 0.36778846153846156 0.265625 0.036057692307692304 0.04326923076923077
0 0.3112980769230769 0.26322115384615385 0.03125 0.03365384615384615
1 0.40384615384615385 0.3161057692307692 0.036057692307692304 0.04807692307692308
1 0.2283653846153846 0.25841346153846156 0.036057692307692304 0.04326923076923077