1 0.2764423076923077 0.4014423076923077 0.05048076923076923 0.0625
1 0.359375 0.45072115384615385 0.055288461538461536 0.0625
1 0.5096153846153846 0.40024038461538464 0.04807692307692308 0.06490384615384616
1 0.8377403846153846 0.2824519230769231 0.03365384615384615 0.052884615384615384
0 0.09735576923076923 0.6778846153846154 0.08173076923076923 0.06971153846153846
0 0.16706730769230768 0.4567307692307692 0.052884615384615384 0.06009615384615385
0 0.054086538461538464 0.5745192307692307 0.0673076923076923 0.0889423076923077
0 0.10096153846153846 0.6153846153846154 0.07692307692307693 0.07692307692307693
0 0.25 0.48677884615384615 0.057692307692307696 0.0673076923076923
0 0.32211538461538464 0.5216346153846154 0.0625 0.0673076923076923
0 0.4326923076923077 0.4987980769230769 0.06490384615384616 0.07932692307692307
0 0.5637019230769231 0.4338942307692308 0.0625 0.06971153846153846
0 0.6538461538461539 0.2644230769230769 0.038461538461538464 0.04567307692307692
0 0.7103365384615384 0.2692307692307692 0.03365384615384615 0.038461538461538464
1 0.6129807692307693 0.3125 0.038461538461538464 0.05048076923076923
1 0.7956730769230769 0.27283653846153844 0.038461538461538464 0.04567307692307692