1 0.9579326923076923 0.1502403846153846 0.08413461538461539 0.18509615384615385
1 0.8016826923076923 0.15144230769230768 0.09615384615384616 0.17067307692307693
1 0.1622596153846154 0.19471153846153846 0.125 0.22596153846153846
1 0.9122596153846154 0.5372596153846154 0.17548076923076922 0.3125
1 0.6947115384615384 0.4495192307692308 0.09134615384615384 0.14423076923076922
1 0.046875 0.21995192307692307 0.09134615384615384 0.17307692307692307
1 0.4182692307692308 0.21153846153846154 0.07932692307692307 0.16346153846153846
1 0.8473557692307693 0.4519230769230769 0.11298076923076923 0.19230769230769232
1 0.6971153846153846 0.21514423076923078 0.06490384615384616 0.11057692307692307
1 0.5096153846153846 0.19471153846153846 0.052884615384615384 0.10576923076923077
1 0.6069711538461539 0.25600961538461536 0.052884615384615384 0.10336538461538461
1 0.5576923076923077 0.21995192307692307 0.04807692307692308 0.09134615384615384