1 0.7331730769230769 0.4338942307692308 0.04567307692307692 0.06009615384615385
1 0.6442307692307693 0.47596153846153844 0.05048076923076923 0.06009615384615385
1 0.5 0.4098557692307692 0.04326923076923077 0.0625
1 0.18509615384615385 0.25721153846153844 0.028846153846153848 0.05048076923076923
0 0.8834134615384616 0.7319711538461539 0.07692307692307693 0.06490384615384616
0 0.8365384615384616 0.5024038461538461 0.05048076923076923 0.057692307692307696
0 0.9362980769230769 0.6310096153846154 0.0625 0.08413461538461539
0 0.8858173076923077 0.6694711538461539 0.07211538461538461 0.07451923076923077
0 0.7512019230769231 0.5240384615384616 0.052884615384615384 0.06490384615384616
0 0.6742788461538461 0.5516826923076923 0.057692307692307696 0.06490384615384616
0 0.5685096153846154 0.5168269230769231 0.06009615384615385 0.07451923076923077
0 0.44350961538461536 0.4387019230769231 0.057692307692307696 0.0673076923076923
0 0.3701923076923077 0.25961538461538464 0.036057692307692304 0.04326923076923077
0 0.3125 0.25721153846153844 0.03125 0.036057692307692304
1 0.4074519230769231 0.3112980769230769 0.036057692307692304 0.04807692307692308
1 0.22956730769230768 0.25240384615384615 0.036057692307692304 0.04326923076923077