1 0.96875 0.24158653846153846 0.0625 0.19471153846153846
1 0.8353365384615384 0.21995192307692307 0.1201923076923077 0.18028846153846154
1 0.203125 0.17307692307692307 0.15144230769230768 0.23798076923076922
1 0.890625 0.6105769230769231 0.21875 0.3269230769230769
1 0.6899038461538461 0.4951923076923077 0.10817307692307693 0.15384615384615385
1 0.08533653846153846 0.1814903846153846 0.11538461538461539 0.18269230769230768
1 0.453125 0.22355769230769232 0.10096153846153846 0.17067307692307693
1 0.8401442307692307 0.5180288461538461 0.13701923076923078 0.20432692307692307
1 0.7247596153846154 0.265625 0.07932692307692307 0.11778846153846154
1 0.5432692307692307 0.22115384615384615 0.0673076923076923 0.11298076923076923
1 0.6310096153846154 0.2932692307692308 0.0673076923076923 0.10817307692307693
1 0.5877403846153846 0.25240384615384615 0.06009615384615385 0.09615384615384616