1 0.27163461538461536 0.7295673076923077 0.07211538461538461 0.11538461538461539
1 0.42427884615384615 0.5240384615384616 0.05048076923076923 0.08173076923076923
1 0.3641826923076923 0.5024038461538461 0.04807692307692308 0.07451923076923077
0 0.9819711538461539 0.6442307692307693 0.036057692307692304 0.07692307692307693
0 0.8966346153846154 0.6538461538461539 0.057692307692307696 0.08173076923076923
0 0.8125 0.5925480769230769 0.052884615384615384 0.06971153846153846
0 0.5576923076923077 0.32572115384615385 0.03365384615384615 0.04326923076923077
0 0.6189903846153846 0.5408653846153846 0.040865384615384616 0.06009615384615385
0 0.1466346153846154 0.5132211538461539 0.04567307692307692 0.0625
0 0.7475961538461539 0.5480769230769231 0.040865384615384616 0.055288461538461536
0 0.7848557692307693 0.5180288461538461 0.04567307692307692 0.0625
0 0.6766826923076923 0.5420673076923077 0.04807692307692308 0.0673076923076923
0 0.7079326923076923 0.49158653846153844 0.05048076923076923 0.0625
0 0.5649038461538461 0.5180288461538461 0.05048076923076923 0.057692307692307696
0 0.5973557692307693 0.46875 0.04807692307692308 0.0673076923076923
0 0.5288461538461539 0.44591346153846156 0.04326923076923077 0.057692307692307696
0 0.4074519230769231 0.4098557692307692 0.04326923076923077 0.0625
0 0.3016826923076923 0.37740384615384615 0.040865384615384616 0.057692307692307696
0 0.6526442307692307 0.5096153846153846 0.040865384615384616 0.0673076923076923
0 0.7668269230769231 0.25841346153846156 0.03125 0.05048076923076923