1 0.009615384615384616 0.18870192307692307 0.019230769230769232 0.19471153846153846
1 0.12620192307692307 0.171875 0.12259615384615384 0.18509615384615385
1 0.7836538461538461 0.1346153846153846 0.15384615384615385 0.24519230769230768
1 0.08533653846153846 0.5733173076923077 0.17067307692307693 0.33413461538461536
1 0.27283653846153844 0.46153846153846156 0.11057692307692307 0.15865384615384615
1 0.90625 0.1466346153846154 0.11778846153846154 0.1875
1 0.5240384615384616 0.18509615384615385 0.10096153846153846 0.17548076923076922
1 0.11658653846153846 0.48197115384615385 0.13942307692307693 0.2091346153846154
1 0.2403846153846154 0.22355769230769232 0.07932692307692307 0.1201923076923077
1 0.43028846153846156 0.1778846153846154 0.0673076923076923 0.11538461538461539
1 0.33774038461538464 0.25240384615384615 0.0673076923076923 0.11057692307692307
1 0.38341346153846156 0.21033653846153846 0.0625 0.10096153846153846