0 0.7764423076923077 0.3137019230769231 0.07932692307692307 0.10576923076923077
0 0.35697115384615385 0.26322115384615385 0.057692307692307696 0.08413461538461539
0 0.9038461538461539 0.37740384615384615 0.05048076923076923 0.09134615384615384
0 0.8569711538461539 0.3918269230769231 0.04567307692307692 0.07451923076923077
0 0.9387019230769231 0.3894230769230769 0.04807692307692308 0.07692307692307693
0 0.703125 0.35336538461538464 0.04326923076923077 0.07211538461538461
0 0.6213942307692307 0.33533653846153844 0.05048076923076923 0.07932692307692307
0 0.5889423076923077 0.3401442307692308 0.04807692307692308 0.07692307692307693
0 0.4807692307692308 0.29927884615384615 0.057692307692307696 0.0889423076923077
0 0.42427884615384615 0.27283653846153844 0.05048076923076923 0.08653846153846154
0 0.22596153846153846 0.21514423076923078 0.06490384615384616 0.09375
0 0.8197115384615384 0.39663461538461536 0.038461538461538464 0.057692307692307696