1 0.2512019230769231 0.390625 0.07932692307692307 0.1346153846153846
1 0.8401442307692307 0.3545673076923077 0.0985576923076923 0.13942307692307693
1 0.5829326923076923 0.3449519230769231 0.07451923076923077 0.12740384615384615
1 0.025240384615384616 0.4411057692307692 0.05048076923076923 0.12740384615384615
1 0.7103365384615384 0.35336538461538464 0.0625 0.11778846153846154
1 0.19110576923076922 0.4206730769230769 0.06490384615384616 0.09615384615384616
1 0.38341346153846156 0.41225961538461536 0.057692307692307696 0.10576923076923077
1 0.48197115384615385 0.35096153846153844 0.0625 0.10576923076923077
1 0.7716346153846154 0.39783653846153844 0.06009615384615385 0.0985576923076923
1 0.5360576923076923 0.3713942307692308 0.04567307692307692 0.0889423076923077
1 0.3401442307692308 0.39903846153846156 0.04567307692307692 0.09615384615384616
1 0.04567307692307692 0.41225961538461536 0.06009615384615385 0.09615384615384616
1 0.1045673076923077 0.4098557692307692 0.052884615384615384 0.09375