1 0.4807692307692308 0.5168269230769231 0.0889423076923077 0.15144230769230768
1 0.12259615384615384 0.4387019230769231 0.08413461538461539 0.1201923076923077
1 0.08533653846153846 0.5612980769230769 0.14903846153846154 0.19471153846153846
1 0.2800480769230769 0.5805288461538461 0.13221153846153846 0.2091346153846154
1 0.027644230769230768 0.5108173076923077 0.055288461538461536 0.13221153846153846
1 0.020432692307692308 0.3942307692307692 0.03365384615384615 0.10096153846153846
1 0.3004807692307692 0.3858173076923077 0.040865384615384616 0.057692307692307696
1 0.4014423076923077 0.44471153846153844 0.04807692307692308 0.0673076923076923
1 0.4519230769230769 0.4495192307692308 0.04567307692307692 0.07451923076923077
1 0.7211538461538461 0.5276442307692307 0.052884615384615384 0.07211538461538461
1 0.625 0.4807692307692308 0.038461538461538464 0.0673076923076923
1 0.5817307692307693 0.49158653846153844 0.04326923076923077 0.07451923076923077
1 0.53125 0.47475961538461536 0.040865384615384616 0.0673076923076923