1 0.31490384615384615 0.7175480769230769 0.0985576923076923 0.07451923076923077
0 0.9903846153846154 0.65625 0.019230769230769232 0.057692307692307696
0 0.9567307692307693 0.6899038461538461 0.055288461538461536 0.04567307692307692
0 0.8269230769230769 0.6923076923076923 0.08413461538461539 0.055288461538461536
0 0.6346153846153846 0.7175480769230769 0.06971153846153846 0.04567307692307692
0 0.14903846153846154 0.7800480769230769 0.09375 0.0673076923076923
0 0.08653846153846154 0.7560096153846154 0.07932692307692307 0.057692307692307696
0 0.2608173076923077 0.7391826923076923 0.06971153846153846 0.052884615384615384
0 0.44471153846153844 0.7139423076923077 0.06971153846153846 0.052884615384615384
0 0.3737980769230769 0.7211538461538461 0.0673076923076923 0.055288461538461536
0 0.578125 0.7115384615384616 0.07451923076923077 0.04807692307692308
0 0.71875 0.6971153846153846 0.07932692307692307 0.057692307692307696