1 0.5252403846153846 0.5829326923076923 0.08413461538461539 0.1466346153846154
1 0.17067307692307693 0.5108173076923077 0.08173076923076923 0.11778846153846154
1 0.13581730769230768 0.6322115384615384 0.14423076923076922 0.18990384615384615
1 0.328125 0.6478365384615384 0.12740384615384615 0.20432692307692307
1 0.052884615384615384 0.5805288461538461 0.10576923076923077 0.13221153846153846
1 0.05048076923076923 0.46634615384615385 0.07211538461538461 0.10096153846153846
1 0.3449519230769231 0.4567307692307692 0.038461538461538464 0.057692307692307696
1 0.44591346153846156 0.5132211538461539 0.04567307692307692 0.06490384615384616
1 0.4951923076923077 0.515625 0.04326923076923077 0.07451923076923077
1 0.7608173076923077 0.5889423076923077 0.05048076923076923 0.07211538461538461
1 0.6658653846153846 0.5432692307692307 0.038461538461538464 0.0673076923076923
1 0.6237980769230769 0.5552884615384616 0.040865384615384616 0.07451923076923077
1 0.5733173076923077 0.5384615384615384 0.038461538461538464 0.0673076923076923