1 0.11057692307692307 0.2800480769230769 0.13942307692307693 0.1971153846153846
1 0.24278846153846154 0.35096153846153844 0.0985576923076923 0.13942307692307693
1 0.3317307692307692 0.3389423076923077 0.08653846153846154 0.12259615384615384
1 0.16826923076923078 0.30649038461538464 0.08173076923076923 0.14903846153846154
0 0.9290865384615384 0.3762019230769231 0.14182692307692307 0.19951923076923078
0 0.4266826923076923 0.3605769230769231 0.09134615384615384 0.12740384615384615
0 0.5456730769230769 0.3894230769230769 0.07211538461538461 0.09615384615384616
1 0.8052884615384616 0.1622596153846154 0.03125 0.04326923076923077
1 0.9038461538461539 0.15144230769230768 0.028846153846153848 0.040865384615384616
1 0.9747596153846154 0.1658653846153846 0.026442307692307692 0.038461538461538464
1 0.9855769230769231 0.36658653846153844 0.028846153846153848 0.11778846153846154