0 0.3173076923076923 0.2091346153846154 0.09134615384615384 0.11778846153846154
0 0.7620192307692307 0.2956730769230769 0.06490384615384616 0.09134615384615384
0 0.16706730769230768 0.23076923076923078 0.057692307692307696 0.0985576923076923
0 0.20793269230769232 0.2608173076923077 0.052884615384615384 0.08173076923076923
0 0.125 0.23197115384615385 0.052884615384615384 0.08413461538461539
0 0.3786057692307692 0.27403846153846156 0.04807692307692308 0.07692307692307693
0 0.4675480769230769 0.2824519230769231 0.055288461538461536 0.0889423076923077
0 0.5 0.2980769230769231 0.052884615384615384 0.08413461538461539
0 0.6237980769230769 0.2920673076923077 0.06490384615384616 0.0985576923076923
0 0.6911057692307693 0.2848557692307692 0.06009615384615385 0.09375
0 0.9122596153846154 0.28966346153846156 0.07211538461538461 0.10336538461538461
0 0.24639423076923078 0.2800480769230769 0.04326923076923077 0.0625