1 0.3088942307692308 0.36658653846153844 0.08653846153846154 0.13221153846153846
1 0.8617788461538461 0.4495192307692308 0.10576923076923077 0.13942307692307693
1 0.6262019230769231 0.3894230769230769 0.08173076923076923 0.12740384615384615
1 0.07451923076923077 0.36658653846153844 0.08653846153846154 0.12740384615384615
1 0.7427884615384616 0.421875 0.06971153846153846 0.11298076923076923
1 0.24759615384615385 0.38221153846153844 0.06971153846153846 0.09615384615384616
1 0.42788461538461536 0.41225961538461536 0.06490384615384616 0.10336538461538461
1 0.53125 0.375 0.06971153846153846 0.10576923076923077
1 0.7896634615384616 0.47475961538461536 0.0673076923076923 0.0985576923076923
1 0.5769230769230769 0.4050480769230769 0.05048076923076923 0.0889423076923077
1 0.3894230769230769 0.390625 0.052884615384615384 0.09375
1 0.1141826923076923 0.3449519230769231 0.0673076923076923 0.09615384615384616
1 0.16826923076923078 0.3545673076923077 0.06009615384615385 0.09375