1 0.5144230769230769 0.5168269230769231 0.09615384615384616 0.15384615384615385
1 0.8653846153846154 0.41346153846153844 0.09134615384615384 0.125
1 0.9098557692307693 0.5324519230769231 0.15865384615384615 0.20192307692307693
1 0.7175480769230769 0.5649038461538461 0.1466346153846154 0.21394230769230768
1 0.9663461538461539 0.47596153846153844 0.0673076923076923 0.1346153846153846
1 0.9663461538461539 0.36177884615384615 0.04807692307692308 0.10096153846153846
1 0.6838942307692307 0.3737980769230769 0.04326923076923077 0.06009615384615385
1 0.5877403846153846 0.4411057692307692 0.05048076923076923 0.0673076923076923
1 0.5384615384615384 0.44711538461538464 0.04807692307692308 0.07692307692307693
1 0.2764423076923077 0.5444711538461539 0.057692307692307696 0.07451923076923077
1 0.36778846153846156 0.49038461538461536 0.04326923076923077 0.06971153846153846
1 0.41225961538461536 0.4987980769230769 0.04567307692307692 0.07692307692307693
1 0.46033653846153844 0.47716346153846156 0.04567307692307692 0.06971153846153846