1 0.2848557692307692 0.7451923076923077 0.10096153846153846 0.07692307692307693
0 0.9915865384615384 0.6935096153846154 0.016826923076923076 0.055288461538461536
0 0.9579326923076923 0.7259615384615384 0.057692307692307696 0.04807692307692308
0 0.8209134615384616 0.7271634615384616 0.08653846153846154 0.055288461538461536
0 0.6201923076923077 0.75 0.07211538461538461 0.04567307692307692
0 0.11177884615384616 0.8064903846153846 0.09615384615384616 0.0673076923076923
0 0.056490384615384616 0.7788461538461539 0.06490384615384616 0.055288461538461536
0 0.2283653846153846 0.765625 0.07211538461538461 0.055288461538461536
0 0.4230769230769231 0.7427884615384616 0.07211538461538461 0.055288461538461536
0 0.3485576923076923 0.7475961538461539 0.06971153846153846 0.057692307692307696
0 0.5612980769230769 0.7439903846153846 0.07692307692307693 0.05048076923076923
0 0.7091346153846154 0.7295673076923077 0.08173076923076923 0.057692307692307696