1 0.9122596153846154 0.40024038461538464 0.13701923076923078 0.19951923076923078
1 0.7632211538461539 0.4387019230769231 0.09615384615384616 0.13942307692307693
1 0.6778846153846154 0.40384615384615385 0.08413461538461539 0.12259615384615384
1 0.8485576923076923 0.41225961538461536 0.07692307692307693 0.15144230769230768
0 0.078125 0.2932692307692308 0.13701923076923078 0.19951923076923078
0 0.5805288461538461 0.4026442307692308 0.0889423076923077 0.12740384615384615
0 0.4543269230769231 0.4026442307692308 0.06971153846153846 0.09615384615384616
1 0.2536057692307692 0.11177884615384616 0.028846153846153848 0.04567307692307692
1 0.15865384615384615 0.07692307692307693 0.026442307692307692 0.040865384615384616
1 0.08533653846153846 0.0733173076923077 0.026442307692307692 0.038461538461538464
1 0.026442307692307692 0.2668269230769231 0.021634615384615384 0.11538461538461539