1 0.26802884615384615 0.4182692307692308 0.08653846153846154 0.13701923076923078
1 0.84375 0.3425480769230769 0.10576923076923077 0.14423076923076922
1 0.5913461538461539 0.35096153846153844 0.08173076923076923 0.12980769230769232
1 0.038461538461538464 0.4855769230769231 0.07692307692307693 0.12980769230769232
1 0.7163461538461539 0.34975961538461536 0.06971153846153846 0.11778846153846154
1 0.21153846153846154 0.4519230769230769 0.06971153846153846 0.0985576923076923
1 0.39903846153846156 0.43149038461538464 0.06490384615384616 0.10576923076923077
1 0.49278846153846156 0.3629807692307692 0.0673076923076923 0.10817307692307693
1 0.7800480769230769 0.3894230769230769 0.06490384615384616 0.10096153846153846
1 0.546875 0.3798076923076923 0.05048076923076923 0.09134615384615384
1 0.3557692307692308 0.4206730769230769 0.05048076923076923 0.09615384615384616
1 0.06850961538461539 0.453125 0.06490384615384616 0.0985576923076923
1 0.125 0.4483173076923077 0.057692307692307696 0.09375