1 0.10817307692307693 0.3329326923076923 0.1201923076923077 0.18509615384615385
1 0.2439903846153846 0.3894230769230769 0.08413461538461539 0.12980769230769232
1 0.33052884615384615 0.36778846153846156 0.07451923076923077 0.11538461538461539
1 0.1658653846153846 0.35216346153846156 0.0673076923076923 0.14423076923076922
0 0.9290865384615384 0.34134615384615385 0.13701923076923078 0.18509615384615385
0 0.42427884615384615 0.3798076923076923 0.07692307692307693 0.1201923076923077
0 0.5456730769230769 0.3954326923076923 0.0625 0.0889423076923077
1 0.7764423076923077 0.14423076923076922 0.026442307692307692 0.040865384615384616
1 0.8713942307692307 0.125 0.02403846153846154 0.038461538461538464
1 0.9435096153846154 0.1310096153846154 0.02403846153846154 0.036057692307692304
1 0.9819711538461539 0.32572115384615385 0.036057692307692304 0.11298076923076923