0 0.7451923076923077 0.3004807692307692 0.07211538461538461 0.0985576923076923
0 0.3329326923076923 0.2860576923076923 0.05048076923076923 0.07932692307692307
0 0.8737980769230769 0.35096153846153844 0.04326923076923077 0.08653846153846154
0 0.8317307692307693 0.36778846153846156 0.038461538461538464 0.06971153846153846
0 0.9110576923076923 0.3605769230769231 0.040865384615384616 0.07211538461538461
0 0.6766826923076923 0.34615384615384615 0.038461538461538464 0.0673076923076923
0 0.5961538461538461 0.33413461538461536 0.04326923076923077 0.07451923076923077
0 0.5649038461538461 0.3425480769230769 0.040865384615384616 0.07211538461538461
0 0.4567307692307692 0.3112980769230769 0.05048076923076923 0.08413461538461539
0 0.39783653846153844 0.29086538461538464 0.04567307692307692 0.08173076923076923
0 0.20072115384615385 0.2512019230769231 0.057692307692307696 0.08653846153846154
0 0.7944711538461539 0.37740384615384615 0.03365384615384615 0.052884615384615384