1 0.31850961538461536 0.7103365384615384 0.09615384615384616 0.06971153846153846
0 0.9807692307692307 0.7391826923076923 0.038461538461538464 0.04567307692307692
0 0.8533653846153846 0.7307692307692307 0.08413461538461539 0.05048076923076923
0 0.6514423076923077 0.7403846153846154 0.06971153846153846 0.040865384615384616
0 0.140625 0.7620192307692307 0.09375 0.0625
0 0.078125 0.7295673076923077 0.07932692307692307 0.052884615384615384
0 0.25961538461538464 0.7271634615384616 0.06971153846153846 0.05048076923076923
0 0.45552884615384615 0.7175480769230769 0.06971153846153846 0.05048076923076923
0 0.3798076923076923 0.7199519230769231 0.06490384615384616 0.052884615384615384
0 0.5949519230769231 0.7295673076923077 0.07451923076923077 0.04567307692307692
0 0.7427884615384616 0.7259615384615384 0.07932692307692307 0.052884615384615384