1 0.796875 0.45552884615384615 0.06490384615384616 0.10576923076923077
1 0.9459134615384616 0.38341346153846156 0.02403846153846154 0.057692307692307696
1 0.19831730769230768 0.34134615384615385 0.09375 0.17307692307692307
1 0.3317307692307692 0.3786057692307692 0.0889423076923077 0.16105769230769232
1 0.4170673076923077 0.3137019230769231 0.06490384615384616 0.12740384615384615
1 0.5060096153846154 0.3557692307692308 0.06490384615384616 0.09615384615384616
1 0.5612980769230769 0.3629807692307692 0.055288461538461536 0.10817307692307693
1 0.6466346153846154 0.35216346153846156 0.05048076923076923 0.08413461538461539
1 0.7055288461538461 0.36177884615384615 0.05048076923076923 0.09134615384615384
1 0.7487980769230769 0.3545673076923077 0.04326923076923077 0.07211538461538461
1 0.7884615384615384 0.3557692307692308 0.038461538461538464 0.07451923076923077
1 0.8341346153846154 0.36899038461538464 0.040865384615384616 0.07451923076923077
1 0.8810096153846154 0.38100961538461536 0.03365384615384615 0.06490384615384616