1 0.19471153846153846 0.41586538461538464 0.06009615384615385 0.10336538461538461
1 0.5588942307692307 0.40865384615384615 0.052884615384615384 0.09615384615384616
1 0.3293269230769231 0.43149038461538464 0.057692307692307696 0.09615384615384616
1 0.12379807692307693 0.42908653846153844 0.052884615384615384 0.08653846153846154
1 0.019230769230769232 0.4495192307692308 0.038461538461538464 0.11057692307692307
1 0.2956730769230769 0.4387019230769231 0.036057692307692304 0.07692307692307693
1 0.4423076923076923 0.4254807692307692 0.04807692307692308 0.09134615384615384
1 0.4807692307692308 0.4254807692307692 0.036057692307692304 0.06490384615384616
1 0.5216346153846154 0.40384615384615385 0.03125 0.06490384615384616
1 0.640625 0.3858173076923077 0.057692307692307696 0.0985576923076923
1 0.9050480769230769 0.39903846153846156 0.055288461538461536 0.08653846153846154
1 0.8533653846153846 0.4050480769230769 0.038461538461538464 0.07211538461538461
1 0.7439903846153846 0.4014423076923077 0.038461538461538464 0.06971153846153846
1 0.7079326923076923 0.40865384615384615 0.040865384615384616 0.06971153846153846
1 0.6778846153846154 0.4074519230769231 0.03125 0.06971153846153846