1 0.20192307692307693 0.43149038461538464 0.06971153846153846 0.11057692307692307
1 0.056490384615384616 0.3485576923076923 0.028846153846153848 0.057692307692307696
1 0.8137019230769231 0.35697115384615385 0.10096153846153846 0.1778846153846154
1 0.6766826923076923 0.3858173076923077 0.09375 0.16346153846153846
1 0.5949519230769231 0.31490384615384615 0.06971153846153846 0.13221153846153846
1 0.5024038461538461 0.35096153846153844 0.06971153846153846 0.10096153846153846
1 0.44591346153846156 0.35336538461538464 0.06009615384615385 0.11298076923076923
1 0.3605769230769231 0.33653846153846156 0.052884615384615384 0.0889423076923077
1 0.3004807692307692 0.3425480769230769 0.052884615384615384 0.09375
1 0.25721153846153844 0.33052884615384615 0.04567307692307692 0.07451923076923077
1 0.21634615384615385 0.33052884615384615 0.040865384615384616 0.07692307692307693
1 0.16947115384615385 0.3401442307692308 0.04326923076923077 0.07692307692307693
1 0.12259615384615384 0.3485576923076923 0.036057692307692304 0.0673076923076923