1 0.10576923076923077 0.24158653846153846 0.08653846153846154 0.14182692307692307
1 0.19230769230769232 0.3016826923076923 0.06009615384615385 0.09615384615384616
1 0.23557692307692307 0.30408653846153844 0.04807692307692308 0.08653846153846154
1 0.2824519230769231 0.25 0.08653846153846154 0.16346153846153846
1 0.45072115384615385 0.27884615384615385 0.06971153846153846 0.10576923076923077
1 0.5661057692307693 0.28966346153846156 0.07932692307692307 0.16105769230769232
1 0.5168269230769231 0.28725961538461536 0.055288461538461536 0.11298076923076923
1 0.765625 0.23918269230769232 0.10096153846153846 0.16346153846153846
1 0.71875 0.29086538461538464 0.036057692307692304 0.10336538461538461
1 0.8064903846153846 0.2932692307692308 0.05048076923076923 0.12259615384615384
1 0.8569711538461539 0.3245192307692308 0.04807692307692308 0.0889423076923077
1 0.9266826923076923 0.33774038461538464 0.09134615384615384 0.16346153846153846
1 0.9867788461538461 0.3137019230769231 0.026442307692307692 0.07451923076923077