1 0.1971153846153846 0.39783653846153844 0.0673076923076923 0.10817307692307693
1 0.5576923076923077 0.4423076923076923 0.057692307692307696 0.0985576923076923
1 0.328125 0.4326923076923077 0.06490384615384616 0.0985576923076923
1 0.12620192307692307 0.4014423076923077 0.057692307692307696 0.0889423076923077
1 0.02283653846153846 0.4098557692307692 0.04326923076923077 0.11057692307692307
1 0.29447115384615385 0.4338942307692308 0.040865384615384616 0.07932692307692307
1 0.43990384615384615 0.4411057692307692 0.055288461538461536 0.09134615384615384
1 0.4795673076923077 0.44711538461538464 0.038461538461538464 0.0673076923076923
1 0.5216346153846154 0.4326923076923077 0.036057692307692304 0.0673076923076923
1 0.6418269230769231 0.43028846153846156 0.06490384615384616 0.10096153846153846
1 0.9014423076923077 0.4807692307692308 0.06009615384615385 0.09134615384615384
1 0.8485576923076923 0.47836538461538464 0.04326923076923077 0.07451923076923077
1 0.7427884615384616 0.46033653846153844 0.04326923076923077 0.07211538461538461
1 0.7055288461538461 0.46274038461538464 0.04567307692307692 0.07211538461538461
1 0.6766826923076923 0.4567307692307692 0.036057692307692304 0.07211538461538461