1 0.17307692307692307 0.3545673076923077 0.08173076923076923 0.1346153846153846
1 0.5528846153846154 0.28365384615384615 0.09134615384615384 0.16346153846153846
1 0.38341346153846156 0.2920673076923077 0.07211538461538461 0.14903846153846154
1 0.9026442307692307 0.27524038461538464 0.08173076923076923 0.17067307692307693
1 0.9723557692307693 0.31009615384615385 0.055288461538461536 0.1201923076923077
1 0.8401442307692307 0.33413461538461536 0.057692307692307696 0.10336538461538461
1 0.07692307692307693 0.33774038461538464 0.0625 0.10096153846153846
1 0.43509615384615385 0.31971153846153844 0.05048076923076923 0.11057692307692307
1 0.6033653846153846 0.3473557692307692 0.0673076923076923 0.11538461538461539
1 0.25721153846153844 0.34134615384615385 0.04326923076923077 0.07211538461538461
0 0.7391826923076923 0.3545673076923077 0.038461538461538464 0.05048076923076923