1 0.4723557692307692 0.33533653846153844 0.08173076923076923 0.13701923076923078
1 0.3605769230769231 0.29927884615384615 0.07211538461538461 0.13701923076923078
1 0.7379807692307693 0.3557692307692308 0.07451923076923077 0.12740384615384615
1 0.8461538461538461 0.33653846153846156 0.04807692307692308 0.07932692307692307
1 0.9266826923076923 0.36538461538461536 0.04567307692307692 0.0889423076923077
1 0.6358173076923077 0.3545673076923077 0.038461538461538464 0.06971153846153846
1 0.5444711538461539 0.33533653846153844 0.04807692307692308 0.08173076923076923
1 0.29086538461538464 0.36658653846153844 0.06971153846153846 0.12740384615384615
1 0.5889423076923077 0.3329326923076923 0.038461538461538464 0.0625
1 0.9543269230769231 0.3581730769230769 0.038461538461538464 0.07451923076923077
1 0.009615384615384616 0.5396634615384616 0.019230769230769232 0.13701923076923078