1 0.39783653846153844 0.3762019230769231 0.04807692307692308 0.10096153846153846
1 0.15985576923076922 0.5901442307692307 0.06971153846153846 0.0985576923076923
1 0.03125 0.5132211538461539 0.052884615384615384 0.0985576923076923
1 0.6129807692307693 0.5685096153846154 0.052884615384615384 0.09375
1 0.5769230769230769 0.39783653846153844 0.052884615384615384 0.09134615384615384
1 0.6370192307692307 0.4014423076923077 0.04807692307692308 0.09375
1 0.8112980769230769 0.5721153846153846 0.06490384615384616 0.08653846153846154
1 0.31971153846153844 0.1502403846153846 0.04567307692307692 0.06009615384615385
1 0.3485576923076923 0.19110576923076922 0.04807692307692308 0.06009615384615385
1 0.8233173076923077 0.40625 0.057692307692307696 0.10576923076923077
1 0.7992788461538461 0.3762019230769231 0.04326923076923077 0.08653846153846154
1 0.8617788461538461 0.39903846153846156 0.04807692307692308 0.08173076923076923