1 0.1622596153846154 0.39663461538461536 0.0985576923076923 0.14423076923076922
1 0.5348557692307693 0.2776442307692308 0.11298076923076923 0.1778846153846154
1 0.36778846153846156 0.30649038461538464 0.09134615384615384 0.15865384615384615
1 0.8846153846153846 0.22596153846153846 0.10096153846153846 0.18028846153846154
1 0.9519230769230769 0.2548076923076923 0.057692307692307696 0.12740384615384615
1 0.828125 0.2932692307692308 0.06971153846153846 0.11057692307692307
1 0.06490384615384616 0.390625 0.07451923076923077 0.10817307692307693
1 0.421875 0.3293269230769231 0.0625 0.11538461538461539
1 0.59375 0.33533653846153844 0.08413461538461539 0.12259615384615384
1 0.24519230769230768 0.3713942307692308 0.05048076923076923 0.07692307692307693
0 0.7307692307692307 0.3269230769230769 0.04567307692307692 0.055288461538461536