1 0.8064903846153846 0.375 0.07451923076923077 0.11298076923076923
1 0.4375 0.43509615384615385 0.0625 0.10336538461538461
1 0.6742788461538461 0.41466346153846156 0.06971153846153846 0.10336538461538461
1 0.8822115384615384 0.3762019230769231 0.0625 0.09375
1 0.9807692307692307 0.38221153846153844 0.028846153846153848 0.11057692307692307
1 0.7091346153846154 0.41586538461538464 0.04326923076923077 0.08413461538461539
1 0.5588942307692307 0.42908653846153844 0.06009615384615385 0.09615384615384616
1 0.5192307692307693 0.43509615384615385 0.04326923076923077 0.06971153846153846
1 0.47475961538461536 0.421875 0.038461538461538464 0.0673076923076923
1 0.34975961538461536 0.4254807692307692 0.06971153846153846 0.10576923076923077
1 0.08413461538461539 0.4855769230769231 0.06490384615384616 0.09375
1 0.13701923076923078 0.48197115384615385 0.04567307692307692 0.07692307692307693
1 0.24639423076923078 0.45913461538461536 0.04807692307692308 0.07451923076923077
1 0.2848557692307692 0.46033653846153844 0.05048076923076923 0.07692307692307693
1 0.31490384615384615 0.453125 0.038461538461538464 0.07451923076923077