1 0.8149038461538461 0.4230769230769231 0.0673076923076923 0.12259615384615384
1 0.9362980769230769 0.4387019230769231 0.0673076923076923 0.10817307692307693
1 0.28125 0.42908653846153844 0.08173076923076923 0.09615384615384616
1 0.6298076923076923 0.4483173076923077 0.052884615384615384 0.09375
1 0.546875 0.46274038461538464 0.057692307692307696 0.0985576923076923
1 0.4375 0.43028846153846156 0.055288461538461536 0.09375
1 0.3737980769230769 0.4651442307692308 0.04567307692307692 0.09134615384615384
0 0.7560096153846154 0.453125 0.04326923076923077 0.07932692307692307
1 0.6899038461538461 0.45552884615384615 0.04326923076923077 0.0889423076923077
1 0.875 0.4495192307692308 0.055288461538461536 0.0889423076923077
1 0.31850961538461536 0.44711538461538464 0.03365384615384615 0.09134615384615384
1 0.5805288461538461 0.47596153846153844 0.03125 0.07932692307692307