1 0.20192307692307693 0.37740384615384615 0.07451923076923077 0.1346153846153846
1 0.06850961538461539 0.3918269230769231 0.07451923076923077 0.1201923076923077
1 0.7872596153846154 0.3942307692307692 0.0889423076923077 0.10576923076923077
1 0.4050480769230769 0.40865384615384615 0.057692307692307696 0.10576923076923077
1 0.49399038461538464 0.4266826923076923 0.0673076923076923 0.11057692307692307
1 0.6141826923076923 0.3918269230769231 0.06009615384615385 0.10576923076923077
1 0.6850961538461539 0.43149038461538464 0.052884615384615384 0.10096153846153846
0 0.2644230769230769 0.4110576923076923 0.04807692307692308 0.0889423076923077
1 0.33653846153846156 0.41466346153846156 0.05048076923076923 0.0985576923076923
1 0.1346153846153846 0.4050480769230769 0.06009615384615385 0.0985576923076923
1 0.7463942307692307 0.41346153846153844 0.038461538461538464 0.10096153846153846
1 0.4579326923076923 0.43990384615384615 0.03365384615384615 0.0889423076923077