1 0.6045673076923077 0.36658653846153844 0.05048076923076923 0.10336538461538461
1 0.8473557692307693 0.5769230769230769 0.07211538461538461 0.10096153846153846
1 0.9735576923076923 0.4951923076923077 0.052884615384615384 0.10096153846153846
1 0.39302884615384615 0.5625 0.055288461538461536 0.09615384615384616
1 0.4254807692307692 0.390625 0.055288461538461536 0.09134615384615384
1 0.36538461538461536 0.3942307692307692 0.05048076923076923 0.09615384615384616
1 0.1935096153846154 0.5697115384615384 0.06490384615384616 0.0889423076923077
1 0.6802884615384616 0.13822115384615385 0.04567307692307692 0.06009615384615385
1 0.6514423076923077 0.17668269230769232 0.04807692307692308 0.06009615384615385
1 0.1778846153846154 0.4026442307692308 0.06009615384615385 0.10817307692307693
1 0.20192307692307693 0.37259615384615385 0.04567307692307692 0.0889423076923077
1 0.140625 0.3954326923076923 0.05048076923076923 0.08413461538461539