1 0.20793269230769232 0.4651442307692308 0.0673076923076923 0.11057692307692307
1 0.056490384615384616 0.3954326923076923 0.026442307692307692 0.057692307692307696
1 0.8137019230769231 0.3389423076923077 0.0985576923076923 0.1778846153846154
1 0.6802884615384616 0.3786057692307692 0.09134615384615384 0.16346153846153846
1 0.5925480769230769 0.31490384615384615 0.0673076923076923 0.13221153846153846
1 0.5024038461538461 0.359375 0.0673076923076923 0.10096153846153846
1 0.44591346153846156 0.36658653846153844 0.057692307692307696 0.11298076923076923
1 0.359375 0.3581730769230769 0.052884615384615384 0.08653846153846154
1 0.29927884615384615 0.36899038461538464 0.052884615384615384 0.09375
1 0.25600961538461536 0.36177884615384615 0.04326923076923077 0.07451923076923077
1 0.21394230769230768 0.3641826923076923 0.040865384615384616 0.07692307692307693
1 0.16826923076923078 0.3786057692307692 0.04326923076923077 0.07692307692307693
1 0.12259615384615384 0.3918269230769231 0.036057692307692304 0.0673076923076923