1 0.12379807692307693 0.22235576923076922 0.0889423076923077 0.14182692307692307
1 0.20432692307692307 0.2824519230769231 0.0625 0.09615384615384616
1 0.24759615384615385 0.28966346153846156 0.05048076923076923 0.08653846153846154
1 0.2956730769230769 0.23918269230769232 0.09134615384615384 0.16346153846153846
1 0.4567307692307692 0.27524038461538464 0.07211538461538461 0.10576923076923077
1 0.5673076923076923 0.2920673076923077 0.08413461538461539 0.15865384615384615
1 0.5192307692307693 0.28725961538461536 0.057692307692307696 0.11298076923076923
1 0.7620192307692307 0.2536057692307692 0.10576923076923077 0.16346153846153846
1 0.7151442307692307 0.3004807692307692 0.038461538461538464 0.10096153846153846
1 0.7992788461538461 0.3076923076923077 0.055288461538461536 0.1201923076923077
1 0.8461538461538461 0.3401442307692308 0.05048076923076923 0.0889423076923077
1 0.9134615384615384 0.35697115384615385 0.09615384615384616 0.16346153846153846
1 0.9783653846153846 0.33774038461538464 0.04326923076923077 0.07451923076923077