1 0.38822115384615385 0.36899038461538464 0.052884615384615384 0.10336538461538461
1 0.17307692307692307 0.5973557692307693 0.07211538461538461 0.10096153846153846
1 0.039663461538461536 0.5348557692307693 0.057692307692307696 0.0985576923076923
1 0.6153846153846154 0.5372596153846154 0.057692307692307696 0.09615384615384616
1 0.5661057692307693 0.3737980769230769 0.057692307692307696 0.09134615384615384
1 0.625 0.3713942307692308 0.052884615384615384 0.09615384615384616
1 0.8100961538461539 0.5240384615384616 0.0673076923076923 0.0889423076923077
1 0.2920673076923077 0.15384615384615385 0.04807692307692308 0.06009615384615385
1 0.3245192307692308 0.19110576923076922 0.05048076923076923 0.06009615384615385
1 0.8076923076923077 0.3605769230769231 0.06009615384615385 0.10576923076923077
1 0.78125 0.3329326923076923 0.04567307692307692 0.08653846153846154
1 0.84375 0.35096153846153844 0.05048076923076923 0.08413461538461539