1 0.8725961538461539 0.4735576923076923 0.08653846153846154 0.13701923076923078
1 0.9759615384615384 0.5108173076923077 0.04807692307692308 0.11778846153846154
1 0.31850961538461536 0.38341346153846156 0.09615384615384616 0.11057692307692307
1 0.6766826923076923 0.4675480769230769 0.0673076923076923 0.10576923076923077
1 0.5889423076923077 0.4675480769230769 0.07451923076923077 0.11298076923076923
1 0.4807692307692308 0.41225961538461536 0.06971153846153846 0.10576923076923077
1 0.40865384615384615 0.4375 0.06009615384615385 0.10096153846153846
0 0.8064903846153846 0.4951923076923077 0.055288461538461536 0.0889423076923077
1 0.7379807692307693 0.4855769230769231 0.057692307692307696 0.0985576923076923
1 0.9314903846153846 0.5120192307692307 0.06971153846153846 0.10096153846153846
1 0.3557692307692308 0.4074519230769231 0.04807692307692308 0.0985576923076923
1 0.6201923076923077 0.4855769230769231 0.04326923076923077 0.0889423076923077