1 0.8798076923076923 0.25961538461538464 0.08653846153846154 0.14423076923076922
1 0.7908653846153846 0.31850961538461536 0.06009615384615385 0.0985576923076923
1 0.7451923076923077 0.32211538461538464 0.04807692307692308 0.08653846153846154
1 0.6983173076923077 0.265625 0.08653846153846154 0.1658653846153846
1 0.5252403846153846 0.2920673076923077 0.0673076923076923 0.10576923076923077
1 0.40865384615384615 0.3004807692307692 0.07692307692307693 0.16346153846153846
1 0.4579326923076923 0.29927884615384615 0.052884615384615384 0.11538461538461539
1 0.20673076923076922 0.24519230769230768 0.10096153846153846 0.1658653846153846
1 0.25240384615384615 0.29927884615384615 0.03365384615384615 0.10336538461538461
1 0.16346153846153846 0.3004807692307692 0.04807692307692308 0.125
1 0.11057692307692307 0.3317307692307692 0.04807692307692308 0.09134615384615384
1 0.042067307692307696 0.34375 0.08173076923076923 0.1658653846153846