0 0.2668269230769231 0.5348557692307693 0.06009615384615385 0.10576923076923077
0 0.8786057692307693 0.515625 0.055288461538461536 0.11538461538461539
0 0.7067307692307693 0.4879807692307692 0.05048076923076923 0.09615384615384616
0 0.10576923076923077 0.5036057692307693 0.057692307692307696 0.11057692307692307
0 0.04807692307692308 0.4987980769230769 0.028846153846153848 0.052884615384615384
0 0.1778846153846154 0.5120192307692307 0.036057692307692304 0.057692307692307696
0 0.3401442307692308 0.4891826923076923 0.04326923076923077 0.0625
0 0.46875 0.5012019230769231 0.052884615384615384 0.08653846153846154
0 0.6322115384615384 0.49278846153846156 0.05048076923076923 0.07692307692307693
0 0.8173076923076923 0.5120192307692307 0.04567307692307692 0.07211538461538461
0 0.5877403846153846 0.5180288461538461 0.03125 0.057692307692307696