1 0.3798076923076923 0.33774038461538464 0.08173076923076923 0.15384615384615385
1 0.9603365384615384 0.3942307692307692 0.06971153846153846 0.12980769230769232
1 0.1201923076923077 0.3545673076923077 0.07211538461538461 0.13942307692307693
1 0.4651442307692308 0.36778846153846156 0.0673076923076923 0.11778846153846154
1 0.17548076923076922 0.36899038461538464 0.06009615384615385 0.11538461538461539
1 0.8966346153846154 0.41947115384615385 0.0625 0.10336538461538461
1 0.7415865384615384 0.4026442307692308 0.06009615384615385 0.10576923076923077
1 0.6298076923076923 0.39302884615384615 0.055288461538461536 0.0985576923076923
1 0.8137019230769231 0.4074519230769231 0.05048076923076923 0.0889423076923077
1 0.328125 0.4026442307692308 0.057692307692307696 0.10336538461538461
1 0.28125 0.3762019230769231 0.04567307692307692 0.10336538461538461
1 0.0829326923076923 0.4050480769230769 0.04807692307692308 0.09375
1 0.5757211538461539 0.39663461538461536 0.04326923076923077 0.09375
1 0.5 0.3870192307692308 0.04326923076923077 0.10817307692307693