1 0.2860576923076923 0.5901442307692307 0.10096153846153846 0.16105769230769232
1 0.13942307692307693 0.18990384615384615 0.08413461538461539 0.13942307692307693
1 0.15144230769230768 0.5336538461538461 0.12259615384615384 0.18269230769230768
1 0.28125 0.21995192307692307 0.0673076923076923 0.11057692307692307
1 0.5240384615384616 0.45913461538461536 0.0625 0.0889423076923077
1 0.32572115384615385 0.1778846153846154 0.06490384615384616 0.10576923076923077
1 0.5576923076923077 0.2283653846153846 0.06009615384615385 0.0889423076923077
1 0.4831730769230769 0.2091346153846154 0.052884615384615384 0.09375
1 0.37740384615384615 0.24879807692307693 0.055288461538461536 0.09134615384615384
1 0.30288461538461536 0.5216346153846154 0.0673076923076923 0.09615384615384616
1 0.5204326923076923 0.41346153846153844 0.06971153846153846 0.08653846153846154