0 0.28846153846153844 0.5180288461538461 0.0673076923076923 0.10336538461538461
0 0.8653846153846154 0.4495192307692308 0.0625 0.11298076923076923
0 0.7007211538461539 0.4375 0.055288461538461536 0.09375
0 0.1346153846153846 0.5024038461538461 0.06490384615384616 0.11057692307692307
0 0.07932692307692307 0.5024038461538461 0.03125 0.05048076923076923
0 0.20192307692307693 0.5048076923076923 0.038461538461538464 0.06009615384615385
0 0.3545673076923077 0.46875 0.04567307692307692 0.0625
0 0.47716346153846156 0.47115384615384615 0.057692307692307696 0.08653846153846154
0 0.6310096153846154 0.4483173076923077 0.055288461538461536 0.07692307692307693
0 0.8076923076923077 0.45072115384615385 0.04807692307692308 0.07211538461538461
0 0.5901442307692307 0.47475961538461536 0.03365384615384615 0.055288461538461536