1 0.7355769230769231 0.5600961538461539 0.11057692307692307 0.17067307692307693
1 0.7896634615384616 0.12620192307692307 0.09134615384615384 0.1466346153846154
1 0.8569711538461539 0.4723557692307692 0.13221153846153846 0.19230769230769232
1 0.6538461538461539 0.18990384615384615 0.07451923076923077 0.11538461538461539
1 0.4675480769230769 0.484375 0.0673076923076923 0.09375
1 0.5997596153846154 0.15625 0.06971153846153846 0.11057692307692307
1 0.3786057692307692 0.2608173076923077 0.0673076923076923 0.09375
1 0.45072115384615385 0.22596153846153846 0.06009615384615385 0.0985576923076923
1 0.5637019230769231 0.23918269230769232 0.06009615384615385 0.09375
1 0.703125 0.4951923076923077 0.07451923076923077 0.10096153846153846
1 0.46033653846153844 0.4375 0.07692307692307693 0.09134615384615384