1 0.28725961538461536 0.5420673076923077 0.10576923076923077 0.17307692307692307
1 0.19951923076923078 0.09375 0.08653846153846154 0.14903846153846154
1 0.15504807692307693 0.45913461538461536 0.12740384615384615 0.19471153846153846
1 0.3449519230769231 0.14783653846153846 0.06971153846153846 0.11778846153846154
1 0.5625 0.44350961538461536 0.0673076923076923 0.09375
1 0.39903846153846156 0.109375 0.0673076923076923 0.11538461538461539
1 0.6382211538461539 0.203125 0.06490384615384616 0.09375
1 0.5600961538461539 0.171875 0.055288461538461536 0.0985576923076923
1 0.44350961538461536 0.19471153846153846 0.057692307692307696 0.09615384615384616
1 0.3161057692307692 0.4723557692307692 0.06971153846153846 0.10096153846153846
1 0.5661057692307693 0.3942307692307692 0.07451923076923077 0.09134615384615384