0 0.7668269230769231 0.5240384615384616 0.06490384615384616 0.10817307692307693
0 0.14783653846153846 0.4831730769230769 0.06009615384615385 0.11778846153846154
0 0.3233173076923077 0.46033653846153844 0.055288461538461536 0.09615384615384616
0 0.9314903846153846 0.49759615384615385 0.0625 0.11538461538461539
0 0.9867788461538461 0.49278846153846156 0.026442307692307692 0.052884615384615384
0 0.859375 0.5036057692307693 0.038461538461538464 0.0625
0 0.6947115384615384 0.47596153846153844 0.04567307692307692 0.06490384615384616
0 0.5649038461538461 0.4831730769230769 0.057692307692307696 0.0889423076923077
0 0.39903846153846156 0.46875 0.055288461538461536 0.07932692307692307
0 0.2091346153846154 0.48197115384615385 0.05048076923076923 0.07692307692307693
0 0.4423076923076923 0.49399038461538464 0.03365384615384615 0.057692307692307696