1 0.59375 0.29447115384615385 0.0889423076923077 0.16105769230769232
1 0.019230769230769232 0.3713942307692308 0.038461538461538464 0.13701923076923078
1 0.8605769230769231 0.30288461538461536 0.07932692307692307 0.1466346153846154
1 0.5072115384615384 0.328125 0.07211538461538461 0.125
1 0.8040865384615384 0.31971153846153844 0.06490384615384616 0.1201923076923077
1 0.06610576923076923 0.39663461538461536 0.0673076923076923 0.10817307692307693
1 0.22596153846153846 0.375 0.06490384615384616 0.11057692307692307
1 0.3389423076923077 0.359375 0.06009615384615385 0.10336538461538461
1 0.1502403846153846 0.38100961538461536 0.055288461538461536 0.09375
1 0.6490384615384616 0.359375 0.0625 0.10576923076923077
1 0.6947115384615384 0.3293269230769231 0.05048076923076923 0.10576923076923077
1 0.9002403846153846 0.35216346153846156 0.052884615384615384 0.09615384615384616
1 0.3954326923076923 0.3629807692307692 0.04807692307692308 0.09615384615384616
1 0.47115384615384615 0.3485576923076923 0.04807692307692308 0.11298076923076923