1 0.5949519230769231 0.3425480769230769 0.0889423076923077 0.15625
1 0.03125 0.4266826923076923 0.0625 0.13221153846153846
1 0.8497596153846154 0.3449519230769231 0.07692307692307693 0.14182692307692307
1 0.5120192307692307 0.3762019230769231 0.07211538461538461 0.1201923076923077
1 0.796875 0.36177884615384615 0.06490384615384616 0.11538461538461539
1 0.09014423076923077 0.4495192307692308 0.0673076923076923 0.10336538461538461
1 0.24278846153846154 0.42427884615384615 0.06490384615384616 0.10576923076923077
1 0.35096153846153844 0.40865384615384615 0.06009615384615385 0.10096153846153846
1 0.17067307692307693 0.4326923076923077 0.055288461538461536 0.09134615384615384
1 0.6478365384615384 0.4026442307692308 0.0625 0.10336538461538461
1 0.6923076923076923 0.375 0.05048076923076923 0.10336538461538461
1 0.8882211538461539 0.3918269230769231 0.052884615384615384 0.09375
1 0.40384615384615385 0.4110576923076923 0.04807692307692308 0.09375
1 0.47716346153846156 0.3954326923076923 0.04807692307692308 0.10817307692307693