0 0.9543269230769231 0.21754807692307693 0.040865384615384616 0.13942307692307693
0 0.037259615384615384 0.3545673076923077 0.07451923076923077 0.13701923076923078
0 0.7728365384615384 0.14423076923076922 0.0889423076923077 0.1346153846153846
0 0.2848557692307692 0.2620192307692308 0.0889423076923077 0.12740384615384615
0 0.15264423076923078 0.27403846153846156 0.0889423076923077 0.1346153846153846
0 0.3449519230769231 0.22956730769230768 0.07692307692307693 0.12740384615384615
0 0.8569711538461539 0.17548076923076922 0.07451923076923077 0.10336538461538461
0 0.18990384615384615 0.1935096153846154 0.07692307692307693 0.11298076923076923
0 0.8413461538461539 0.07211538461538461 0.07211538461538461 0.0985576923076923
0 0.4699519230769231 0.25 0.07692307692307693 0.0985576923076923
0 0.4879807692307692 0.17668269230769232 0.07211538461538461 0.10576923076923077
0 0.40384615384615385 0.15264423076923078 0.0625 0.09375
0 0.6057692307692307 0.15504807692307693 0.08413461538461539 0.12259615384615384
0 0.6634615384615384 0.14783653846153846 0.06971153846153846 0.10576923076923077
0 0.7572115384615384 0.05889423076923077 0.057692307692307696 0.09375
0 0.8329326923076923 0.27884615384615385 0.08653846153846154 0.11538461538461539