1 0.7391826923076923 0.27524038461538464 0.052884615384615384 0.09134615384615384
1 0.6802884615384616 0.3173076923076923 0.055288461538461536 0.07451923076923077
0 0.026442307692307692 0.3894230769230769 0.036057692307692304 0.0625
0 0.09735576923076923 0.4050480769230769 0.038461538461538464 0.0673076923076923
0 0.16826923076923078 0.3798076923076923 0.038461538461538464 0.0673076923076923
0 0.3076923076923077 0.3629807692307692 0.040865384615384616 0.0673076923076923
0 0.4338942307692308 0.33774038461538464 0.04567307692307692 0.07692307692307693
0 0.48197115384615385 0.3293269230769231 0.04807692307692308 0.08173076923076923
0 0.6177884615384616 0.30408653846153844 0.04326923076923077 0.0673076923076923
0 0.5384615384615384 0.3125 0.038461538461538464 0.06490384615384616
0 0.5685096153846154 0.33533653846153844 0.04326923076923077 0.07211538461538461