0 0.1778846153846154 0.47475961538461536 0.07211538461538461 0.10336538461538461
0 0.2620192307692308 0.41586538461538464 0.05048076923076923 0.10096153846153846
0 0.3233173076923077 0.4182692307692308 0.040865384615384616 0.08173076923076923
0 0.296875 0.41947115384615385 0.03125 0.08653846153846154
0 0.39302884615384615 0.4098557692307692 0.04326923076923077 0.0889423076923077
1 0.5288461538461539 0.4026442307692308 0.05048076923076923 0.08653846153846154
1 0.5733173076923077 0.4014423076923077 0.028846153846153848 0.07211538461538461
0 0.6490384615384616 0.40865384615384615 0.040865384615384616 0.08173076923076923
0 0.5913461538461539 0.40625 0.036057692307692304 0.06971153846153846
0 0.4567307692307692 0.3954326923076923 0.038461538461538464 0.07692307692307693
0 0.6706730769230769 0.38822115384615385 0.036057692307692304 0.07692307692307693