1 0.7728365384615384 0.35216346153846156 0.05048076923076923 0.0889423076923077
1 0.7067307692307693 0.3870192307692308 0.055288461538461536 0.07451923076923077
0 0.046875 0.36658653846153844 0.03365384615384615 0.06490384615384616
0 0.1141826923076923 0.3918269230769231 0.036057692307692304 0.0673076923076923
0 0.18990384615384615 0.375 0.036057692307692304 0.0673076923076923
0 0.3293269230769231 0.3798076923076923 0.038461538461538464 0.0673076923076923
0 0.45913461538461536 0.3713942307692308 0.04326923076923077 0.07692307692307693
0 0.5084134615384616 0.36899038461538464 0.04567307692307692 0.07932692307692307
0 0.6466346153846154 0.3629807692307692 0.04326923076923077 0.0673076923076923
0 0.5673076923076923 0.36177884615384615 0.036057692307692304 0.06490384615384616
0 0.59375 0.38822115384615385 0.040865384615384616 0.06971153846153846