0 0.8389423076923077 0.5204326923076923 0.08413461538461539 0.11778846153846154
0 0.7487980769230769 0.4519230769230769 0.06009615384615385 0.11057692307692307
0 0.6826923076923077 0.4495192307692308 0.04807692307692308 0.09375
0 0.7115384615384616 0.453125 0.038461538461538464 0.09615384615384616
0 0.6081730769230769 0.4362980769230769 0.05048076923076923 0.10096153846153846
1 0.46033653846153844 0.4206730769230769 0.057692307692307696 0.09615384615384616
1 0.41225961538461536 0.4170673076923077 0.036057692307692304 0.07932692307692307
0 0.328125 0.4206730769230769 0.04807692307692308 0.09375
0 0.3918269230769231 0.421875 0.04567307692307692 0.07692307692307693
0 0.5384615384615384 0.4170673076923077 0.04567307692307692 0.08413461538461539
0 0.30649038461538464 0.39663461538461536 0.04326923076923077 0.08413461538461539