1 0.055288461538461536 0.27524038461538464 0.07451923076923077 0.11298076923076923
0 0.7427884615384616 0.14543269230769232 0.09615384615384616 0.15865384615384615
0 0.125 0.21995192307692307 0.08173076923076923 0.1201923076923077
0 0.38221153846153844 0.14182692307692307 0.10096153846153846 0.1658653846153846
0 0.8810096153846154 0.07932692307692307 0.08173076923076923 0.1346153846153846
0 0.5360576923076923 0.18269230769230768 0.07932692307692307 0.1346153846153846
0 0.6430288461538461 0.21153846153846154 0.07451923076923077 0.125
0 0.28846153846153844 0.25240384615384615 0.07932692307692307 0.13221153846153846
1 0.24759615384615385 0.25841346153846156 0.040865384615384616 0.07932692307692307
0 0.4987980769230769 0.21394230769230768 0.04807692307692308 0.0985576923076923
0 0.9302884615384616 0.13341346153846154 0.06009615384615385 0.11298076923076923
0 0.3473557692307692 0.22235576923076922 0.057692307692307696 0.10096153846153846