1 0.9014423076923077 0.21394230769230768 0.0625 0.10336538461538461
0 0.22235576923076922 0.20673076923076922 0.08173076923076923 0.14903846153846154
0 0.8269230769230769 0.17307692307692307 0.06971153846153846 0.11057692307692307
0 0.5673076923076923 0.14182692307692307 0.08173076923076923 0.15625
0 0.078125 0.16706730769230768 0.0673076923076923 0.125
0 0.4266826923076923 0.20793269230769232 0.06490384615384616 0.125
0 0.3293269230769231 0.25240384615384615 0.06009615384615385 0.11778846153846154
0 0.6754807692307693 0.23197115384615385 0.06490384615384616 0.12259615384615384
1 0.7151442307692307 0.23197115384615385 0.03365384615384615 0.07451923076923077
0 0.4675480769230769 0.23076923076923078 0.038461538461538464 0.09375
0 0.03365384615384615 0.22716346153846154 0.0625 0.10817307692307693
0 0.6141826923076923 0.21394230769230768 0.04807692307692308 0.09615384615384616