1 0.41225961538461536 0.30408653846153844 0.07932692307692307 0.1346153846153846
1 0.9759615384615384 0.40384615384615385 0.04807692307692308 0.1346153846153846
1 0.8125 0.36177884615384615 0.06971153846153846 0.125
1 0.3449519230769231 0.3016826923076923 0.07211538461538461 0.11778846153846154
1 0.7536057692307693 0.38341346153846156 0.06490384615384616 0.1201923076923077
1 0.0985576923076923 0.6862980769230769 0.09375 0.125
0 0.171875 0.265625 0.0889423076923077 0.13221153846153846
0 0.6742788461538461 0.3629807692307692 0.0673076923076923 0.11538461538461539
1 0.49759615384615385 0.3557692307692308 0.07451923076923077 0.125
1 0.6262019230769231 0.35697115384615385 0.057692307692307696 0.11778846153846154
0 0.5432692307692307 0.3545673076923077 0.057692307692307696 0.09615384615384616