1 0.7536057692307693 0.4699519230769231 0.09134615384615384 0.14903846153846154
1 0.9435096153846154 0.3629807692307692 0.09375 0.14903846153846154
1 0.5240384615384616 0.47836538461538464 0.06971153846153846 0.11538461538461539
1 0.6899038461538461 0.47115384615384615 0.08173076923076923 0.13701923076923078
1 0.35096153846153844 0.5240384615384616 0.06009615384615385 0.10817307692307693
1 0.6045673076923077 0.46153846153846156 0.07451923076923077 0.12259615384615384
1 0.11298076923076923 0.5516826923076923 0.0625 0.09134615384615384
1 0.41346153846153844 0.5072115384615384 0.057692307692307696 0.09615384615384616
1 0.3016826923076923 0.5360576923076923 0.0673076923076923 0.10096153846153846
1 0.4026442307692308 0.46274038461538464 0.052884615384615384 0.09134615384615384
1 0.49399038461538464 0.49038461538461536 0.0625 0.11298076923076923
0 0.23798076923076922 0.5528846153846154 0.07692307692307693 0.10336538461538461