0 0.9639423076923077 0.38461538461538464 0.07211538461538461 0.13942307692307693
0 0.06490384615384616 0.265625 0.08413461538461539 0.12980769230769232
0 0.8016826923076923 0.265625 0.08653846153846154 0.12740384615384615
0 0.32211538461538464 0.24639423076923078 0.08653846153846154 0.12259615384615384
0 0.19831730769230768 0.22355769230769232 0.08653846153846154 0.12740384615384615
0 0.3870192307692308 0.23317307692307693 0.07211538461538461 0.1201923076923077
0 0.8701923076923077 0.3173076923076923 0.07211538461538461 0.0985576923076923
0 0.25240384615384615 0.15985576923076922 0.07451923076923077 0.10817307692307693
0 0.8834134615384616 0.21875 0.06971153846153846 0.09375
0 0.4951923076923077 0.2848557692307692 0.07451923076923077 0.09375
0 0.53125 0.22115384615384615 0.06971153846153846 0.10096153846153846
0 0.46033653846153844 0.1778846153846154 0.06009615384615385 0.0889423076923077
0 0.6442307692307693 0.23317307692307693 0.07932692307692307 0.11538461538461539
0 0.7007211538461539 0.24158653846153846 0.0673076923076923 0.10096153846153846
0 0.8088942307692307 0.18389423076923078 0.055288461538461536 0.0889423076923077
0 0.8209134615384616 0.40625 0.08413461538461539 0.11298076923076923