1 0.43509615384615385 0.43028846153846156 0.08413461538461539 0.13221153846153846
1 0.9495192307692307 0.4699519230769231 0.08653846153846154 0.11057692307692307
1 0.13221153846153846 0.4855769230769231 0.06009615384615385 0.08413461538461539
1 0.5516826923076923 0.4182692307692308 0.07211538461538461 0.09134615384615384
1 0.7560096153846154 0.40024038461538464 0.040865384615384616 0.055288461538461536
1 0.7163461538461539 0.34375 0.028846153846153848 0.040865384615384616
1 0.30288461538461536 0.4206730769230769 0.06490384615384616 0.08413461538461539
1 0.2620192307692308 0.4951923076923077 0.06009615384615385 0.09134615384615384
1 0.4014423076923077 0.43990384615384615 0.040865384615384616 0.06971153846153846
1 0.6009615384615384 0.3870192307692308 0.040865384615384616 0.057692307692307696
1 0.36778846153846156 0.3942307692307692 0.03125 0.04807692307692308
1 0.49399038461538464 0.38221153846153844 0.028846153846153848 0.036057692307692304
0 0.06971153846153846 0.4987980769230769 0.0673076923076923 0.10817307692307693
0 0.6213942307692307 0.4170673076923077 0.06009615384615385 0.0889423076923077
0 0.4891826923076923 0.4206730769230769 0.040865384615384616 0.06009615384615385
0 0.7872596153846154 0.33413461538461536 0.021634615384615384 0.03365384615384615
1 0.6490384615384616 0.3317307692307692 0.02403846153846154 0.04326923076923077
1 0.6069711538461539 0.28966346153846156 0.028846153846153848 0.04326923076923077