1 0.24879807692307693 0.30528846153846156 0.04807692307692308 0.0889423076923077
1 0.3125 0.34134615384615385 0.05048076923076923 0.07211538461538461
0 0.9699519230769231 0.34375 0.03125 0.0625
0 0.9014423076923077 0.36658653846153844 0.03365384615384615 0.06490384615384616
0 0.828125 0.3473557692307692 0.03365384615384615 0.06490384615384616
0 0.6875 0.3473557692307692 0.036057692307692304 0.06490384615384616
0 0.5600961538461539 0.33533653846153844 0.040865384615384616 0.07451923076923077
0 0.5120192307692307 0.3317307692307692 0.04326923076923077 0.07932692307692307
0 0.37259615384615385 0.32091346153846156 0.038461538461538464 0.06490384615384616
0 0.4519230769230769 0.32091346153846156 0.03365384615384615 0.0625
0 0.4254807692307692 0.3473557692307692 0.038461538461538464 0.06971153846153846