0 0.03245192307692308 0.3858173076923077 0.06490384615384616 0.13701923076923078
0 0.9086538461538461 0.2536057692307692 0.08413461538461539 0.12740384615384615
0 0.1875 0.2668269230769231 0.08653846153846154 0.125
0 0.65625 0.2403846153846154 0.08413461538461539 0.1201923076923077
0 0.7776442307692307 0.21514423076923078 0.08653846153846154 0.125
0 0.59375 0.2283653846153846 0.07211538461538461 0.1201923076923077
0 0.12139423076923077 0.31850961538461536 0.07211538461538461 0.0985576923076923
0 0.7211538461538461 0.15504807692307693 0.07451923076923077 0.10576923076923077
0 0.10697115384615384 0.22235576923076922 0.06971153846153846 0.09134615384615384
0 0.4879807692307692 0.2800480769230769 0.07451923076923077 0.09375
0 0.45072115384615385 0.21995192307692307 0.06971153846153846 0.10096153846153846
0 0.5192307692307693 0.17427884615384615 0.06009615384615385 0.0889423076923077
0 0.3401442307692308 0.23197115384615385 0.08173076923076923 0.11538461538461539
0 0.2860576923076923 0.24158653846153846 0.0673076923076923 0.0985576923076923
0 0.1778846153846154 0.18870192307692307 0.055288461538461536 0.08653846153846154
0 0.16947115384615385 0.4050480769230769 0.08413461538461539 0.11057692307692307