0 0.8016826923076923 0.30288461538461536 0.08413461538461539 0.15384615384615385
0 0.4951923076923077 0.3425480769230769 0.07692307692307693 0.125
0 0.6887019230769231 0.41225961538461536 0.15865384615384615 0.2403846153846154
0 0.13701923076923078 0.49038461538461536 0.13701923076923078 0.19230769230769232
0 0.34134615384615385 0.34615384615384615 0.0625 0.10576923076923077
0 0.8100961538461539 0.7331730769230769 0.25240384615384615 0.36538461538461536
0 0.20192307692307693 0.6790865384615384 0.24759615384615385 0.34615384615384615
0 0.007211538461538462 0.4411057692307692 0.014423076923076924 0.0889423076923077
0 0.2932692307692308 0.37259615384615385 0.0673076923076923 0.1201923076923077
0 0.5324519230769231 0.3233173076923077 0.055288461538461536 0.11298076923076923
0 0.75 0.31971153846153844 0.0673076923076923 0.1201923076923077