1 0.17908653846153846 0.4423076923076923 0.10096153846153846 0.16346153846153846
1 0.4326923076923077 0.4519230769230769 0.07932692307692307 0.12980769230769232
1 0.24879807692307693 0.44471153846153844 0.09134615384615384 0.15384615384615385
1 0.6237980769230769 0.5024038461538461 0.0673076923076923 0.1201923076923077
1 0.34375 0.4338942307692308 0.08173076923076923 0.1346153846153846
1 0.8846153846153846 0.5336538461538461 0.06971153846153846 0.10096153846153846
1 0.5552884615384616 0.484375 0.06490384615384616 0.10817307692307693
1 0.6778846153846154 0.515625 0.07451923076923077 0.11298076923076923
1 0.5661057692307693 0.4362980769230769 0.057692307692307696 0.0985576923076923
1 0.46634615384615385 0.4651442307692308 0.06971153846153846 0.125
0 0.7475961538461539 0.5348557692307693 0.08413461538461539 0.11298076923076923