1 0.5072115384615384 0.39663461538461536 0.08413461538461539 0.13942307692307693
1 0.016826923076923076 0.59375 0.03365384615384615 0.11298076923076923
1 0.8341346153846154 0.35697115384615385 0.06009615384615385 0.0889423076923077
1 0.38221153846153844 0.4182692307692308 0.07451923076923077 0.09615384615384616
1 0.1658653846153846 0.46634615384615385 0.038461538461538464 0.06009615384615385
1 0.18870192307692307 0.3954326923076923 0.028846153846153848 0.04326923076923077
1 0.6382211538461539 0.3449519230769231 0.0673076923076923 0.0889423076923077
1 0.7043269230769231 0.40865384615384615 0.06009615384615385 0.0985576923076923
1 0.5432692307692307 0.39663461538461536 0.038461538461538464 0.07211538461538461
1 0.32211538461538464 0.4026442307692308 0.040865384615384616 0.06009615384615385
1 0.5637019230769231 0.33774038461538464 0.028846153846153848 0.052884615384615384
1 0.43028846153846156 0.36538461538461536 0.03125 0.036057692307692304
0 0.9026442307692307 0.35216346153846156 0.0673076923076923 0.11538461538461539
0 0.3112980769230769 0.4423076923076923 0.057692307692307696 0.09375
0 0.44711538461538464 0.40384615384615385 0.038461538461538464 0.0625
0 0.11298076923076923 0.4074519230769231 0.021634615384615384 0.036057692307692304
1 0.2548076923076923 0.36177884615384615 0.02403846153846154 0.04567307692307692
1 0.28365384615384615 0.30528846153846156 0.028846153846153848 0.04567307692307692