0 0.8221153846153846 0.46153846153846156 0.07451923076923077 0.10817307692307693
0 0.7319711538461539 0.40625 0.05048076923076923 0.10336538461538461
0 0.6694711538461539 0.40865384615384615 0.040865384615384616 0.08653846153846154
0 0.6971153846153846 0.4098557692307692 0.03125 0.0889423076923077
0 0.5973557692307693 0.4026442307692308 0.04326923076923077 0.09375
1 0.45552884615384615 0.40024038461538464 0.05048076923076923 0.0889423076923077
1 0.4098557692307692 0.40024038461538464 0.028846153846153848 0.07451923076923077
0 0.33052884615384615 0.4098557692307692 0.040865384615384616 0.08653846153846154
0 0.390625 0.40625 0.038461538461538464 0.07211538461538461
0 0.5276442307692307 0.390625 0.038461538461538464 0.07932692307692307
0 0.30649038461538464 0.390625 0.036057692307692304 0.07932692307692307