1 0.5480769230769231 0.4254807692307692 0.07932692307692307 0.12980769230769232
1 0.07451923076923077 0.6189903846153846 0.08173076923076923 0.11057692307692307
1 0.8485576923076923 0.38461538461538464 0.057692307692307696 0.08173076923076923
1 0.43509615384615385 0.4495192307692308 0.06971153846153846 0.0889423076923077
1 0.23677884615384615 0.4951923076923077 0.036057692307692304 0.055288461538461536
1 0.25600961538461536 0.43028846153846156 0.026442307692307692 0.038461538461538464
1 0.6682692307692307 0.37740384615384615 0.0625 0.08173076923076923
1 0.7295673076923077 0.4338942307692308 0.055288461538461536 0.09134615384615384
1 0.5817307692307693 0.4254807692307692 0.038461538461538464 0.0673076923076923
1 0.3786057692307692 0.4362980769230769 0.038461538461538464 0.055288461538461536
1 0.5997596153846154 0.3701923076923077 0.028846153846153848 0.04807692307692308
1 0.47716346153846156 0.39903846153846156 0.028846153846153848 0.03365384615384615
0 0.9110576923076923 0.3786057692307692 0.06490384615384616 0.10817307692307693
0 0.3701923076923077 0.47115384615384615 0.055288461538461536 0.08653846153846154
0 0.49399038461538464 0.4326923076923077 0.038461538461538464 0.06009615384615385
0 0.1875 0.4423076923076923 0.019230769230769232 0.03125
1 0.3173076923076923 0.39783653846153844 0.02403846153846154 0.040865384615384616
1 0.3425480769230769 0.3449519230769231 0.028846153846153848 0.04326923076923077