1 0.7536057692307693 0.4987980769230769 0.07932692307692307 0.14423076923076922
1 0.9555288461538461 0.4110576923076923 0.08173076923076923 0.14423076923076922
1 0.5216346153846154 0.4831730769230769 0.06009615384615385 0.11298076923076923
1 0.6899038461538461 0.4951923076923077 0.06971153846153846 0.1346153846153846
1 0.34375 0.5120192307692307 0.05048076923076923 0.10576923076923077
1 0.6045673076923077 0.47596153846153844 0.0625 0.1201923076923077
1 0.10216346153846154 0.5144230769230769 0.055288461538461536 0.0889423076923077
1 0.40865384615384615 0.5012019230769231 0.04807692307692308 0.09375
1 0.29447115384615385 0.5180288461538461 0.057692307692307696 0.0985576923076923
1 0.4026442307692308 0.45552884615384615 0.04567307692307692 0.08653846153846154
1 0.49038461538461536 0.49278846153846156 0.052884615384615384 0.10817307692307693
0 0.2283653846153846 0.5276442307692307 0.0673076923076923 0.0985576923076923