1 0.609375 0.328125 0.06490384615384616 0.12740384615384615
1 0.036057692307692304 0.32572115384615385 0.06009615384615385 0.12740384615384615
1 0.2127403846153846 0.3161057692307692 0.057692307692307696 0.11778846153846154
1 0.6766826923076923 0.33774038461538464 0.06009615384615385 0.11057692307692307
1 0.2644230769230769 0.3473557692307692 0.052884615384615384 0.11538461538461539
1 0.8497596153846154 0.7512019230769231 0.08173076923076923 0.11538461538461539
0 0.8485576923076923 0.3317307692307692 0.07451923076923077 0.12259615384615384
0 0.34615384615384615 0.3401442307692308 0.055288461538461536 0.10817307692307693
1 0.5192307692307693 0.3629807692307692 0.06009615384615385 0.11778846153846154
1 0.3942307692307692 0.34375 0.04807692307692308 0.11057692307692307
0 0.47475961538461536 0.3545673076923077 0.04807692307692308 0.09134615384615384