1 0.5985576923076923 0.3137019230769231 0.06490384615384616 0.12740384615384615
1 0.02403846153846154 0.35216346153846156 0.04807692307692308 0.12740384615384615
1 0.19831730769230768 0.3293269230769231 0.057692307692307696 0.11778846153846154
1 0.6658653846153846 0.31971153846153844 0.0625 0.11298076923076923
1 0.2536057692307692 0.35697115384615385 0.052884615384615384 0.11538461538461539
1 0.8689903846153846 0.7211538461538461 0.08173076923076923 0.11538461538461539
0 0.8377403846153846 0.3004807692307692 0.07692307692307693 0.125
0 0.3329326923076923 0.3449519230769231 0.055288461538461536 0.10817307692307693
1 0.5096153846153846 0.3557692307692308 0.0625 0.11778846153846154
1 0.38221153846153844 0.34375 0.04807692307692308 0.11298076923076923
0 0.4639423076923077 0.34975961538461536 0.04807692307692308 0.09134615384615384