1 0.11899038461538461 0.12379807692307693 0.07451923076923077 0.11778846153846154
0 0.8617788461538461 0.15384615384615385 0.09615384615384616 0.1658653846153846
0 0.20432692307692307 0.0829326923076923 0.08173076923076923 0.125
0 0.4879807692307692 0.07451923076923077 0.09615384615384616 0.14903846153846154
0 0.9891826923076923 0.11658653846153846 0.021634615384615384 0.14182692307692307
0 0.6382211538461539 0.14302884615384615 0.07692307692307693 0.14182692307692307
0 0.7427884615384616 0.19951923076923078 0.07211538461538461 0.13221153846153846
0 0.36538461538461536 0.15504807692307693 0.07692307692307693 0.13701923076923078
1 0.32211538461538464 0.15264423076923078 0.040865384615384616 0.08413461538461539
0 0.5925480769230769 0.16706730769230768 0.04567307692307692 0.10576923076923077
0 0.4338942307692308 0.13942307692307693 0.057692307692307696 0.10576923076923077