1 0.3798076923076923 0.36658653846153844 0.06490384615384616 0.12259615384615384
1 0.051682692307692304 0.36177884615384615 0.04326923076923077 0.09615384615384616
1 0.43509615384615385 0.3894230769230769 0.052884615384615384 0.0985576923076923
1 0.7548076923076923 0.3918269230769231 0.05048076923076923 0.08173076923076923
1 0.09254807692307693 0.3629807692307692 0.04807692307692308 0.07451923076923077
1 0.019230769230769232 0.36538461538461536 0.028846153846153848 0.09375
1 0.16826923076923078 0.36778846153846156 0.036057692307692304 0.0673076923076923
1 0.19951923076923078 0.39302884615384615 0.05048076923076923 0.07932692307692307
1 0.27163461538461536 0.39663461538461536 0.05048076923076923 0.07451923076923077
1 0.5168269230769231 0.3942307692307692 0.06009615384615385 0.07932692307692307
1 0.5865384615384616 0.39783653846153844 0.04807692307692308 0.07451923076923077
1 0.6826923076923077 0.36538461538461536 0.04567307692307692 0.09134615384615384
1 0.71875 0.36177884615384615 0.040865384615384616 0.0889423076923077
1 0.7992788461538461 0.38822115384615385 0.052884615384615384 0.09375