0 0.6538461538461539 0.3076923076923077 0.09615384615384616 0.15384615384615385
0 0.9014423076923077 0.19831730769230768 0.11057692307692307 0.17067307692307693
0 0.036057692307692304 0.2824519230769231 0.07211538461538461 0.18028846153846154
0 0.42427884615384615 0.27163461538461536 0.07451923076923077 0.13221153846153846
0 0.5120192307692307 0.2644230769230769 0.057692307692307696 0.11298076923076923
0 0.6971153846153846 0.20673076923076922 0.0673076923076923 0.11538461538461539
0 0.22235576923076922 0.2512019230769231 0.07451923076923077 0.12259615384615384
0 0.2644230769230769 0.22716346153846154 0.052884615384615384 0.10817307692307693
0 0.4651442307692308 0.18870192307692307 0.05048076923076923 0.11538461538461539
0 0.5901442307692307 0.21033653846153846 0.052884615384615384 0.09615384615384616
0 0.7740384615384616 0.18028846153846154 0.055288461538461536 0.0889423076923077
0 0.6454326923076923 0.21153846153846154 0.040865384615384616 0.07451923076923077
0 0.1045673076923077 0.2403846153846154 0.040865384615384616 0.06971153846153846
0 0.17908653846153846 0.2439903846153846 0.038461538461538464 0.07692307692307693