0 0.30528846153846156 0.3293269230769231 0.10096153846153846 0.15625
0 0.04927884615384615 0.25 0.0985576923076923 0.17307692307692307
0 0.9362980769230769 0.2283653846153846 0.10336538461538461 0.18509615384615385
0 0.53125 0.265625 0.07692307692307693 0.1346153846153846
0 0.4423076923076923 0.2692307692307692 0.0625 0.11298076923076923
0 0.24879807692307693 0.234375 0.06971153846153846 0.11778846153846154
0 0.7331730769230769 0.21875 0.07451923076923077 0.125
0 0.6887019230769231 0.19951923076923078 0.055288461538461536 0.11057692307692307
0 0.4807692307692308 0.18629807692307693 0.052884615384615384 0.11778846153846154
0 0.3557692307692308 0.22355769230769232 0.052884615384615384 0.0985576923076923
0 0.16826923076923078 0.21754807692307693 0.057692307692307696 0.0889423076923077
0 0.3016826923076923 0.23197115384615385 0.04326923076923077 0.07692307692307693
0 0.8509615384615384 0.1935096153846154 0.04326923076923077 0.06971153846153846
0 0.7764423076923077 0.20673076923076922 0.040865384615384616 0.07932692307692307