0 0.004807692307692308 0.5973557692307693 0.009615384615384616 0.13221153846153846
0 0.025240384615384616 0.5228365384615384 0.05048076923076923 0.10817307692307693
0 0.24639423076923078 0.5132211538461539 0.08653846153846154 0.11778846153846154
0 0.19591346153846154 0.7151442307692307 0.17067307692307693 0.2548076923076923
0 0.6382211538461539 0.5913461538461539 0.09134615384615384 0.16105769230769232
0 0.6887019230769231 0.5492788461538461 0.057692307692307696 0.12740384615384615
0 0.33533653846153844 0.4855769230769231 0.055288461538461536 0.09615384615384616
0 0.4567307692307692 0.49399038461538464 0.04567307692307692 0.08413461538461539
0 0.5661057692307693 0.47475961538461536 0.055288461538461536 0.07692307692307693
0 0.7668269230769231 0.5036057692307693 0.052884615384615384 0.09375
0 0.9134615384615384 0.546875 0.07451923076923077 0.125
0 0.9675480769230769 0.5396634615384616 0.06490384615384616 0.11298076923076923