0 0.016826923076923076 0.6322115384615384 0.028846153846153848 0.13221153846153846
0 0.03485576923076923 0.5588942307692307 0.06490384615384616 0.10817307692307693
0 0.2608173076923077 0.5336538461538461 0.08413461538461539 0.11538461538461539
0 0.21995192307692307 0.7391826923076923 0.16346153846153846 0.25240384615384615
0 0.6550480769230769 0.5925480769230769 0.0889423076923077 0.16105769230769232
0 0.703125 0.5492788461538461 0.055288461538461536 0.12740384615384615
0 0.3485576923076923 0.5036057692307693 0.052884615384615384 0.09375
0 0.4699519230769231 0.5048076923076923 0.04567307692307692 0.08173076923076923
0 0.5769230769230769 0.4807692307692308 0.052884615384615384 0.07451923076923077
0 0.7788461538461539 0.4987980769230769 0.05048076923076923 0.09134615384615384
0 0.9278846153846154 0.5348557692307693 0.07211538461538461 0.125
0 0.9735576923076923 0.5216346153846154 0.052884615384615384 0.11057692307692307