0 0.8966346153846154 0.4375 0.09615384615384616 0.1201923076923077
0 0.6117788461538461 0.3473557692307692 0.0889423076923077 0.12740384615384615
0 0.6802884615384616 0.4675480769230769 0.15384615384615385 0.18990384615384615
0 0.7668269230769231 0.3713942307692308 0.09134615384615384 0.11298076923076923
0 0.3245192307692308 0.3016826923076923 0.08413461538461539 0.11778846153846154
0 0.9447115384615384 0.5697115384615384 0.11057692307692307 0.21634615384615385
0 0.1814903846153846 0.32211538461538464 0.08653846153846154 0.12259615384615384
0 0.4639423076923077 0.31971153846153844 0.09134615384615384 0.12740384615384615
0 0.3545673076923077 0.4567307692307692 0.1658653846153846 0.19951923076923078
0 0.9783653846153846 0.4639423076923077 0.04326923076923077 0.13942307692307693
0 0.038461538461538464 0.28125 0.038461538461538464 0.12980769230769232
0 0.14543269230769232 0.2536057692307692 0.0625 0.10576923076923077
0 0.02403846153846154 0.38341346153846156 0.04807692307692308 0.18990384615384615