0 0.8497596153846154 0.26802884615384615 0.09375 0.1658653846153846
0 0.44591346153846156 0.36538461538461536 0.08173076923076923 0.17307692307692307
0 0.21875 0.36538461538461536 0.09375 0.1971153846153846
0 0.025240384615384616 0.49038461538461536 0.05048076923076923 0.16826923076923078
0 0.15865384615384615 0.3557692307692308 0.07692307692307693 0.15384615384615385
0 0.7319711538461539 0.2439903846153846 0.11538461538461539 0.21153846153846154
0 0.5408653846153846 0.3425480769230769 0.11298076923076923 0.21153846153846154
0 0.9362980769230769 0.3076923076923077 0.0673076923076923 0.12740384615384615
0 0.6887019230769231 0.3016826923076923 0.07692307692307693 0.18269230769230768
0 0.328125 0.32572115384615385 0.10576923076923077 0.21394230769230768
0 0.056490384615384616 0.4266826923076923 0.057692307692307696 0.15625