0 0.8269230769230769 0.5709134615384616 0.0673076923076923 0.09134615384615384
0 0.7475961538461539 0.5721153846153846 0.06009615384615385 0.07932692307692307
0 0.6911057692307693 0.5480769230769231 0.05048076923076923 0.07451923076923077
0 0.6117788461538461 0.5360576923076923 0.04567307692307692 0.07692307692307693
0 0.5348557692307693 0.5048076923076923 0.052884615384615384 0.07451923076923077
0 0.4567307692307692 0.5408653846153846 0.05048076923076923 0.06971153846153846
0 0.40024038461538464 0.5096153846153846 0.04567307692307692 0.0673076923076923
0 0.0625 0.453125 0.05048076923076923 0.07451923076923077
0 0.17307692307692307 0.4519230769230769 0.04807692307692308 0.0673076923076923
0 0.125 0.47716346153846156 0.055288461538461536 0.06971153846153846
0 0.19951923076923078 0.5036057692307693 0.04807692307692308 0.0625
0 0.3557692307692308 0.49038461538461536 0.04567307692307692 0.0673076923076923
0 0.30408653846153844 0.5024038461538461 0.05048076923076923 0.06971153846153846
0 0.25240384615384615 0.5024038461538461 0.04567307692307692 0.0673076923076923