1 0.6237980769230769 0.3798076923076923 0.057692307692307696 0.11778846153846154
1 0.9447115384615384 0.39302884615384615 0.038461538461538464 0.09375
1 0.5673076923076923 0.40024038461538464 0.04567307692307692 0.09615384615384616
1 0.2536057692307692 0.3858173076923077 0.04567307692307692 0.07692307692307693
1 0.9050480769230769 0.3918269230769231 0.04567307692307692 0.07211538461538461
1 0.9819711538461539 0.39903846153846156 0.03365384615384615 0.0889423076923077
1 0.8293269230769231 0.39302884615384615 0.03125 0.06490384615384616
1 0.7992788461538461 0.41586538461538464 0.04567307692307692 0.07451923076923077
1 0.7283653846153846 0.41586538461538464 0.04567307692307692 0.07211538461538461
1 0.4879807692307692 0.40024038461538464 0.057692307692307696 0.07451923076923077
1 0.4182692307692308 0.40024038461538464 0.04567307692307692 0.07211538461538461
1 0.32572115384615385 0.36538461538461536 0.040865384615384616 0.08653846153846154
1 0.29086538461538464 0.359375 0.03365384615384615 0.08653846153846154
1 0.2091346153846154 0.3798076923076923 0.04567307692307692 0.0889423076923077