1 0.6274038461538461 0.38100961538461536 0.057692307692307696 0.11538461538461539
1 0.9435096153846154 0.39783653846153844 0.036057692307692304 0.09134615384615384
1 0.5721153846153846 0.39903846153846156 0.04326923076923077 0.09375
1 0.2644230769230769 0.3786057692307692 0.04326923076923077 0.07692307692307693
1 0.9050480769230769 0.39663461538461536 0.04326923076923077 0.06971153846153846
1 0.9807692307692307 0.4050480769230769 0.03365384615384615 0.08653846153846154
1 0.8305288461538461 0.39663461538461536 0.028846153846153848 0.0625
1 0.8004807692307693 0.4182692307692308 0.04326923076923077 0.07211538461538461
1 0.7295673076923077 0.4170673076923077 0.04326923076923077 0.06971153846153846
1 0.49278846153846156 0.39783653846153844 0.052884615384615384 0.07211538461538461
1 0.4254807692307692 0.39663461538461536 0.04326923076923077 0.06971153846153846
1 0.33533653846153844 0.3605769230769231 0.038461538461538464 0.08413461538461539
1 0.3004807692307692 0.3545673076923077 0.03365384615384615 0.08413461538461539
1 0.21995192307692307 0.37259615384615385 0.04326923076923077 0.08653846153846154