0 0.8473557692307693 0.5420673076923077 0.0673076923076923 0.09134615384615384
0 0.7680288461538461 0.5384615384615384 0.06009615384615385 0.07932692307692307
0 0.7151442307692307 0.5120192307692307 0.052884615384615384 0.07451923076923077
0 0.6370192307692307 0.4987980769230769 0.04807692307692308 0.07692307692307693
0 0.5625 0.46634615384615385 0.055288461538461536 0.07451923076923077
0 0.484375 0.4987980769230769 0.05048076923076923 0.06971153846153846
0 0.42908653846153844 0.4639423076923077 0.04807692307692308 0.0673076923076923
0 0.10096153846153846 0.39783653846153844 0.05048076923076923 0.07211538461538461
0 0.2091346153846154 0.40024038461538464 0.05048076923076923 0.0673076923076923
0 0.16105769230769232 0.42427884615384615 0.055288461538461536 0.06971153846153846
0 0.23317307692307693 0.453125 0.04807692307692308 0.0625
0 0.3858173076923077 0.44591346153846156 0.04807692307692308 0.0673076923076923
0 0.33533653846153844 0.45552884615384615 0.052884615384615384 0.06971153846153846
0 0.2848557692307692 0.453125 0.04807692307692308 0.0673076923076923