0 0.16947115384615385 0.2980769230769231 0.08653846153846154 0.11057692307692307
0 0.4495192307692308 0.2920673076923077 0.07932692307692307 0.11778846153846154
0 0.3557692307692308 0.38221153846153844 0.13942307692307693 0.17307692307692307
0 0.30408653846153844 0.27403846153846156 0.08173076923076923 0.10336538461538461
0 0.7175480769230769 0.3245192307692308 0.07451923076923077 0.10817307692307693
0 0.07091346153846154 0.4026442307692308 0.14182692307692307 0.20432692307692307
0 0.8401442307692307 0.3798076923076923 0.07692307692307693 0.11298076923076923
0 0.5877403846153846 0.30528846153846156 0.07932692307692307 0.11778846153846154
0 0.6502403846153846 0.45552884615384615 0.15144230769230768 0.18269230769230768
0 0.06129807692307692 0.296875 0.09375 0.1346153846153846
0 0.9807692307692307 0.3798076923076923 0.038461538461538464 0.125
0 0.890625 0.3269230769230769 0.055288461538461536 0.09615384615384616
0 0.9723557692307693 0.47716346153846156 0.055288461538461536 0.18028846153846154