0 0.3245192307692308 0.3581730769230769 0.11298076923076923 0.17307692307692307
0 0.05048076923076923 0.28125 0.10096153846153846 0.19230769230769232
0 0.5673076923076923 0.2800480769230769 0.08653846153846154 0.1466346153846154
0 0.4699519230769231 0.28725961538461536 0.06971153846153846 0.12740384615384615
0 0.2608173076923077 0.25721153846153844 0.07932692307692307 0.12980769230769232
0 0.7824519230769231 0.22235576923076922 0.08653846153846154 0.13701923076923078
0 0.7331730769230769 0.203125 0.06490384615384616 0.12259615384615384
0 0.5084134615384616 0.1971153846153846 0.0625 0.12740384615384615
0 0.3762019230769231 0.24158653846153846 0.0625 0.11057692307692307
0 0.171875 0.2403846153846154 0.06490384615384616 0.0985576923076923
0 0.31850961538461536 0.25240384615384615 0.04807692307692308 0.08413461538461539
0 0.9086538461538461 0.18990384615384615 0.05048076923076923 0.07692307692307693
0 0.828125 0.20673076923076922 0.04567307692307692 0.08653846153846154