0 0.09975961538461539 0.38341346153846156 0.09615384615384616 0.1201923076923077
0 0.39302884615384615 0.2980769230769231 0.0889423076923077 0.12740384615384615
0 0.31971153846153844 0.4182692307692308 0.15384615384615385 0.18990384615384615
0 0.23317307692307693 0.31971153846153844 0.09134615384615384 0.11298076923076923
0 0.6850961538461539 0.25721153846153844 0.08413461538461539 0.1201923076923077
0 0.051682692307692304 0.5180288461538461 0.10336538461538461 0.21875
0 0.8317307692307693 0.2800480769230769 0.08413461538461539 0.125
0 0.5432692307692307 0.27283653846153844 0.09134615384615384 0.12740384615384615
0 0.6526442307692307 0.41346153846153844 0.1658653846153846 0.19951923076923078
0 0.018028846153846152 0.4098557692307692 0.036057692307692304 0.14182692307692307
0 0.8689903846153846 0.21033653846153846 0.0625 0.10576923076923077