0 0.13341346153846154 0.28725961538461536 0.08173076923076923 0.15865384615384615
0 0.5336538461538461 0.3545673076923077 0.0673076923076923 0.16346153846153846
0 0.7560096153846154 0.3389423076923077 0.07692307692307693 0.1875
0 0.9651442307692307 0.4495192307692308 0.0625 0.16105769230769232
0 0.8137019230769231 0.32572115384615385 0.0673076923076923 0.14903846153846154
0 0.24759615384615385 0.2548076923076923 0.0985576923076923 0.20192307692307693
0 0.4411057692307692 0.3389423076923077 0.09615384615384616 0.20192307692307693
0 0.052884615384615384 0.3317307692307692 0.057692307692307696 0.1201923076923077
0 0.2932692307692308 0.3088942307692308 0.0625 0.17307692307692307
0 0.6466346153846154 0.30649038461538464 0.09134615384615384 0.20432692307692307
0 0.9182692307692307 0.3870192307692308 0.04807692307692308 0.15144230769230768