0 0.08774038461538461 0.5264423076923077 0.06490384615384616 0.09375
0 0.17067307692307693 0.53125 0.055288461538461536 0.07932692307692307
0 0.22956730769230768 0.5108173076923077 0.05048076923076923 0.07451923076923077
0 0.3125 0.5048076923076923 0.04326923076923077 0.07932692307692307
0 0.3942307692307692 0.47716346153846156 0.052884615384615384 0.07451923076923077
0 0.4735576923076923 0.5216346153846154 0.04567307692307692 0.07211538461538461
0 0.5348557692307693 0.49158653846153844 0.04326923076923077 0.0673076923076923
0 0.8882211538461539 0.4579326923076923 0.04807692307692308 0.07451923076923077
0 0.7752403846153846 0.4483173076923077 0.04567307692307692 0.0673076923076923
0 0.8221153846153846 0.47836538461538464 0.052884615384615384 0.07211538461538461
0 0.7439903846153846 0.5012019230769231 0.04567307692307692 0.0625
0 0.5829326923076923 0.47596153846153844 0.04326923076923077 0.0673076923076923
0 0.6346153846153846 0.49158653846153844 0.04807692307692308 0.07211538461538461
0 0.6875 0.4951923076923077 0.04326923076923077 0.0673076923076923