1 0.49158653846153844 0.3798076923076923 0.08413461538461539 0.14903846153846154
1 0.9435096153846154 0.4182692307692308 0.10336538461538461 0.18028846153846154
1 0.4338942307692308 0.39783653846153844 0.0625 0.11538461538461539
1 0.06971153846153846 0.38461538461538464 0.10096153846153846 0.15384615384615385
1 0.22596153846153846 0.3629807692307692 0.07451923076923077 0.12980769230769232
1 0.7319711538461539 0.3858173076923077 0.0889423076923077 0.16826923076923078
1 0.5348557692307693 0.359375 0.07692307692307693 0.13221153846153846
1 0.1622596153846154 0.39663461538461536 0.0625 0.10096153846153846
1 0.02403846153846154 0.41225961538461536 0.04807692307692308 0.12980769230769232
1 0.296875 0.4014423076923077 0.036057692307692304 0.07932692307692307
1 0.3425480769230769 0.39783653846153844 0.052884615384615384 0.10096153846153846
0 0.7824519230769231 0.43509615384615385 0.06971153846153846 0.11057692307692307