1 0.008413461538461538 0.39903846153846156 0.016826923076923076 0.125
1 0.32572115384615385 0.3798076923076923 0.057692307692307696 0.08413461538461539
0 0.12259615384615384 0.45072115384615385 0.0889423076923077 0.12740384615384615
0 0.4735576923076923 0.34615384615384615 0.09134615384615384 0.13221153846153846
0 0.9242788461538461 0.27283653846153844 0.10817307692307693 0.1466346153846154
0 0.5865384615384616 0.3389423076923077 0.07692307692307693 0.1201923076923077
0 0.26802884615384615 0.4362980769230769 0.08173076923076923 0.1201923076923077
0 0.8617788461538461 0.3245192307692308 0.07211538461538461 0.10817307692307693
1 0.28966346153846156 0.3798076923076923 0.052884615384615384 0.0889423076923077
1 0.7247596153846154 0.29447115384615385 0.057692307692307696 0.0889423076923077
1 0.671875 0.32091346153846156 0.06009615384615385 0.09375
1 0.5144230769230769 0.2980769230769231 0.06009615384615385 0.10096153846153846
1 0.625 0.29447115384615385 0.07692307692307693 0.10817307692307693