1 0.16947115384615385 0.44711538461538464 0.057692307692307696 0.0985576923076923
1 0.41346153846153844 0.40625 0.052884615384615384 0.0985576923076923
0 0.051682692307692304 0.46153846153846156 0.10336538461538461 0.1778846153846154
0 0.71875 0.4254807692307692 0.06009615384615385 0.10096153846153846
0 0.515625 0.43509615384615385 0.0625 0.0985576923076923
0 0.6586538461538461 0.43028846153846156 0.036057692307692304 0.057692307692307696
0 0.9375 0.4411057692307692 0.0625 0.08173076923076923
1 0.8305288461538461 0.43149038461538464 0.04567307692307692 0.06009615384615385
1 0.3485576923076923 0.4375 0.03125 0.06490384615384616
1 0.3245192307692308 0.44471153846153844 0.03125 0.06009615384615385
1 0.3713942307692308 0.4362980769230769 0.028846153846153848 0.06009615384615385
0 0.46274038461538464 0.4375 0.026442307692307692 0.06490384615384616
0 0.5612980769230769 0.41947115384615385 0.036057692307692304 0.055288461538461536
0 0.6129807692307693 0.44711538461538464 0.03365384615384615 0.052884615384615384