1 0.16947115384615385 0.4651442307692308 0.055288461538461536 0.09615384615384616
1 0.4074519230769231 0.42427884615384615 0.052884615384615384 0.09615384615384616
0 0.051682692307692304 0.4807692307692308 0.10336538461538461 0.17307692307692307
0 0.7067307692307693 0.44471153846153844 0.057692307692307696 0.0985576923076923
0 0.5072115384615384 0.4543269230769231 0.06009615384615385 0.09615384615384616
0 0.6478365384615384 0.4495192307692308 0.036057692307692304 0.055288461538461536
0 0.921875 0.45913461538461536 0.06009615384615385 0.07932692307692307
1 0.8161057692307693 0.4495192307692308 0.04326923076923077 0.057692307692307696
1 0.3449519230769231 0.45552884615384615 0.03125 0.06490384615384616
1 0.32091346153846156 0.46153846153846156 0.03125 0.057692307692307696
1 0.36778846153846156 0.4543269230769231 0.026442307692307692 0.057692307692307696
0 0.45552884615384615 0.4543269230769231 0.026442307692307692 0.0625
0 0.5516826923076923 0.4387019230769231 0.036057692307692304 0.052884615384615384
0 0.6033653846153846 0.4639423076923077 0.03365384615384615 0.05048076923076923