0 0.23557692307692307 0.15384615384615385 0.09375 0.13701923076923078
0 0.39302884615384615 0.1875 0.08653846153846154 0.1658653846153846
0 0.057692307692307696 0.20072115384615385 0.10096153846153846 0.2091346153846154
0 0.47836538461538464 0.21033653846153846 0.06971153846153846 0.125
0 0.1045673076923077 0.18870192307692307 0.07932692307692307 0.17548076923076922
0 0.2403846153846154 0.2932692307692308 0.10096153846153846 0.18990384615384615
0 0.5612980769230769 0.23918269230769232 0.06490384615384616 0.11538461538461539
0 0.6550480769230769 0.234375 0.07211538461538461 0.10096153846153846
0 0.8485576923076923 0.2608173076923077 0.04807692307692308 0.11298076923076923
0 0.7451923076923077 0.2668269230769231 0.057692307692307696 0.11298076923076923
0 0.9759615384615384 0.23317307692307693 0.04807692307692308 0.10096153846153846
0 0.9338942307692307 0.2764423076923077 0.04567307692307692 0.08413461538461539
0 0.875 0.2536057692307692 0.036057692307692304 0.09375
0 0.41586538461538464 0.2668269230769231 0.052884615384615384 0.10817307692307693
0 0.33653846153846156 0.19951923076923078 0.052884615384615384 0.13221153846153846