1 0.8774038461538461 0.3870192307692308 0.08413461538461539 0.13701923076923078
1 0.8317307692307693 0.3557692307692308 0.07451923076923077 0.125
1 0.7836538461538461 0.3737980769230769 0.052884615384615384 0.08173076923076923
1 0.6586538461538461 0.3641826923076923 0.0673076923076923 0.1201923076923077
1 0.5913461538461539 0.3016826923076923 0.06971153846153846 0.11057692307692307
1 0.484375 0.2980769230769231 0.06971153846153846 0.10096153846153846
1 0.4495192307692308 0.234375 0.0673076923076923 0.10576923076923077
1 0.3858173076923077 0.18509615384615385 0.0625 0.11298076923076923
1 0.41225961538461536 0.1935096153846154 0.055288461538461536 0.09615384615384616
1 0.2848557692307692 0.17307692307692307 0.07451923076923077 0.11778846153846154
1 0.23317307692307693 0.14903846153846154 0.06971153846153846 0.12980769230769232