1 0.06370192307692307 0.3269230769230769 0.07451923076923077 0.11298076923076923
1 0.3870192307692308 0.33413461538461536 0.04567307692307692 0.07451923076923077
0 0.1971153846153846 0.38341346153846156 0.07211538461538461 0.11057692307692307
0 0.5252403846153846 0.31490384615384615 0.07451923076923077 0.11538461538461539
0 0.9411057692307693 0.2848557692307692 0.08653846153846154 0.12740384615384615
0 0.6286057692307693 0.3173076923076923 0.0625 0.10576923076923077
0 0.33052884615384615 0.38100961538461536 0.0673076923076923 0.10576923076923077
0 0.8798076923076923 0.32572115384615385 0.057692307692307696 0.09375
1 0.3545673076923077 0.3317307692307692 0.04326923076923077 0.07692307692307693
1 0.7572115384615384 0.28966346153846156 0.04567307692307692 0.07692307692307693
1 0.7067307692307693 0.3076923076923077 0.04807692307692308 0.08173076923076923
1 0.5649038461538461 0.27524038461538464 0.04807692307692308 0.0889423076923077
1 0.6670673076923077 0.2800480769230769 0.06009615384615385 0.09375