1 0.546875 0.3786057692307692 0.10336538461538461 0.16346153846153846
1 0.0673076923076923 0.3605769230769231 0.125 0.1971153846153846
1 0.6045673076923077 0.40384615384615385 0.07692307692307693 0.12740384615384615
1 0.9639423076923077 0.43509615384615385 0.07211538461538461 0.16826923076923078
1 0.8269230769230769 0.3942307692307692 0.09134615384615384 0.14182692307692307
1 0.29447115384615385 0.35336538461538464 0.10817307692307693 0.18269230769230768
1 0.5036057692307693 0.35216346153846156 0.09375 0.1466346153846154
1 0.8882211538461539 0.4375 0.07451923076923077 0.11298076923076923
1 0.7475961538461539 0.4254807692307692 0.04567307692307692 0.08413461538461539
1 0.6995192307692307 0.41466346153846156 0.06490384615384616 0.11057692307692307
0 0.23557692307692307 0.39783653846153844 0.08173076923076923 0.12259615384615384