1 0.9603365384615384 0.359375 0.07932692307692307 0.12740384615384615
1 0.6237980769230769 0.3389423076923077 0.055288461538461536 0.08413461538461539
0 0.8197115384615384 0.40865384615384615 0.08653846153846154 0.125
0 0.4795673076923077 0.30528846153846156 0.0889423076923077 0.12980769230769232
0 0.05889423076923077 0.23798076923076922 0.06971153846153846 0.13942307692307693
0 0.3701923076923077 0.2980769230769231 0.07451923076923077 0.11778846153846154
0 0.6802884615384616 0.3942307692307692 0.07932692307692307 0.11778846153846154
0 0.10336538461538461 0.2848557692307692 0.0673076923076923 0.10336538461538461
1 0.6586538461538461 0.3389423076923077 0.05048076923076923 0.08653846153846154
1 0.23677884615384615 0.25721153846153844 0.055288461538461536 0.08653846153846154
1 0.28846153846153844 0.2824519230769231 0.057692307692307696 0.09134615384615384
1 0.43990384615384615 0.25961538461538464 0.06009615384615385 0.0985576923076923
1 0.3329326923076923 0.25600961538461536 0.07211538461538461 0.10576923076923077