1 0.5264423076923077 0.38341346153846156 0.08173076923076923 0.14423076923076922
1 0.07572115384615384 0.41466346153846156 0.10096153846153846 0.1778846153846154
1 0.5841346153846154 0.4026442307692308 0.06009615384615385 0.11538461538461539
1 0.9459134615384616 0.3954326923076923 0.09615384615384616 0.15384615384615385
1 0.7920673076923077 0.3713942307692308 0.07211538461538461 0.12740384615384615
1 0.28725961538461536 0.3870192307692308 0.08653846153846154 0.16346153846153846
1 0.4831730769230769 0.3629807692307692 0.07451923076923077 0.12980769230769232
1 0.8533653846153846 0.40625 0.06009615384615385 0.10096153846153846
1 0.9831730769230769 0.4254807692307692 0.03365384615384615 0.12980769230769232
1 0.7199519230769231 0.40865384615384615 0.03365384615384615 0.07692307692307693
1 0.6742788461538461 0.40384615384615385 0.052884615384615384 0.10096153846153846
0 0.23557692307692307 0.4326923076923077 0.0673076923076923 0.10817307692307693