0 0.8377403846153846 0.203125 0.10336538461538461 0.14182692307692307
0 0.6790865384615384 0.21153846153846154 0.0985576923076923 0.17067307692307693
0 0.9723557692307693 0.2764423076923077 0.055288461538461536 0.21153846153846154
0 0.5913461538461539 0.22235576923076922 0.07932692307692307 0.12740384615384615
0 0.9567307692307693 0.25721153846153844 0.08653846153846154 0.1778846153846154
0 0.8112980769230769 0.3401442307692308 0.11538461538461539 0.19471153846153846
0 0.5072115384615384 0.23557692307692307 0.07211538461538461 0.11778846153846154
0 0.4170673076923077 0.21875 0.07932692307692307 0.10576923076923077
0 0.22235576923076922 0.2127403846153846 0.055288461538461536 0.11298076923076923
0 0.3233173076923077 0.234375 0.06490384615384616 0.11298076923076923
0 0.09735576923076923 0.1658653846153846 0.06490384615384616 0.10336538461538461
0 0.13822115384615385 0.21634615384615385 0.052884615384615384 0.08653846153846154
0 0.19831730769230768 0.20192307692307693 0.04326923076923077 0.09615384615384616
0 0.6454326923076923 0.2848557692307692 0.06009615384615385 0.11057692307692307
0 0.7331730769230769 0.23197115384615385 0.0625 0.1346153846153846