1 0.15504807692307693 0.3737980769230769 0.06971153846153846 0.1346153846153846
1 0.20673076923076922 0.34975961538461536 0.06009615384615385 0.125
1 0.2536057692307692 0.375 0.04567307692307692 0.08173076923076923
1 0.38221153846153844 0.3858173076923077 0.057692307692307696 0.11778846153846154
1 0.46033653846153844 0.3317307692307692 0.06009615384615385 0.10817307692307693
1 0.5697115384615384 0.34615384615384615 0.06009615384615385 0.09615384615384616
1 0.6153846153846154 0.28725961538461536 0.057692307692307696 0.10336538461538461
1 0.6887019230769231 0.24879807692307693 0.052884615384615384 0.11057692307692307
1 0.6610576923076923 0.25240384615384615 0.04567307692307692 0.09375
1 0.7932692307692307 0.2512019230769231 0.0625 0.11298076923076923
1 0.8497596153846154 0.23557692307692307 0.057692307692307696 0.12740384615384615