1 0.16466346153846154 0.5144230769230769 0.06490384615384616 0.10336538461538461
1 0.41225961538461536 0.4579326923076923 0.06009615384615385 0.10576923076923077
0 0.04927884615384615 0.5348557692307693 0.0985576923076923 0.18509615384615385
0 0.7295673076923077 0.46274038461538464 0.06490384615384616 0.10576923076923077
0 0.5204326923076923 0.4831730769230769 0.06971153846153846 0.10336538461538461
0 0.6670673076923077 0.4699519230769231 0.040865384615384616 0.06009615384615385
0 0.9555288461538461 0.46634615384615385 0.0673076923076923 0.08653846153846154
1 0.8449519230769231 0.46274038461538464 0.05048076923076923 0.06490384615384616
1 0.3485576923076923 0.49399038461538464 0.036057692307692304 0.06971153846153846
1 0.3233173076923077 0.5024038461538461 0.036057692307692304 0.0625
1 0.37259615384615385 0.49158653846153844 0.03125 0.0625
0 0.4651442307692308 0.4879807692307692 0.03125 0.0673076923076923
0 0.5649038461538461 0.4651442307692308 0.040865384615384616 0.057692307692307696
0 0.6213942307692307 0.4891826923076923 0.038461538461538464 0.055288461538461536