0 0.19591346153846154 0.14543269230769232 0.09615384615384616 0.13701923076923078
0 0.3545673076923077 0.1658653846153846 0.09134615384615384 0.16826923076923078
0 0.037259615384615384 0.20673076923076922 0.07451923076923077 0.21153846153846154
0 0.44350961538461536 0.18028846153846154 0.07211538461538461 0.12740384615384615
0 0.06850961538461539 0.19110576923076922 0.08173076923076923 0.17548076923076922
0 0.2127403846153846 0.2848557692307692 0.10576923076923077 0.18990384615384615
0 0.5276442307692307 0.20072115384615385 0.06490384615384616 0.11538461538461539
0 0.6201923076923077 0.18990384615384615 0.07451923076923077 0.10336538461538461
0 0.8161057692307693 0.19831730769230768 0.05048076923076923 0.11298076923076923
0 0.7139423076923077 0.2127403846153846 0.057692307692307696 0.11298076923076923
0 0.9471153846153846 0.15985576923076922 0.06009615384615385 0.10336538461538461
0 0.9026442307692307 0.20673076923076922 0.04567307692307692 0.08413461538461539
0 0.8413461538461539 0.18870192307692307 0.038461538461538464 0.09615384615384616
0 0.38461538461538464 0.24278846153846154 0.052884615384615384 0.10817307692307693
0 0.29927884615384615 0.1814903846153846 0.055288461538461536 0.13221153846153846