1 0.16706730769230768 0.34975961538461536 0.07692307692307693 0.1346153846153846
1 0.21754807692307693 0.3317307692307692 0.0673076923076923 0.12259615384615384
1 0.25961538461538464 0.359375 0.05048076923076923 0.08173076923076923
1 0.38221153846153844 0.3798076923076923 0.06490384615384616 0.11778846153846154
1 0.46153846153846156 0.33653846153846156 0.06490384615384616 0.10817307692307693
1 0.5649038461538461 0.3581730769230769 0.06490384615384616 0.0985576923076923
1 0.6117788461538461 0.30528846153846156 0.0625 0.10336538461538461
1 0.6850961538461539 0.27403846153846156 0.057692307692307696 0.10817307692307693
1 0.6586538461538461 0.2764423076923077 0.05048076923076923 0.09375
1 0.7860576923076923 0.28725961538461536 0.06971153846153846 0.11298076923076923
1 0.8401442307692307 0.2764423076923077 0.06490384615384616 0.12740384615384615