0 0.78125 0.30649038461538464 0.08653846153846154 0.125
0 0.33653846153846156 0.20432692307692307 0.08173076923076923 0.11778846153846154
0 0.8377403846153846 0.35096153846153844 0.09134615384615384 0.13221153846153846
0 0.4375 0.21754807692307693 0.0889423076923077 0.14182692307692307
0 0.5528846153846154 0.1778846153846154 0.07451923076923077 0.12259615384615384
0 0.1658653846153846 0.18269230769230768 0.09615384615384616 0.14903846153846154
0 0.9567307692307693 0.3317307692307692 0.07932692307692307 0.12259615384615384
0 0.21033653846153846 0.12860576923076922 0.07211538461538461 0.11538461538461539
0 0.6622596153846154 0.28365384615384615 0.07211538461538461 0.11778846153846154
0 0.6069711538461539 0.27163461538461536 0.06490384615384616 0.10096153846153846
0 0.7391826923076923 0.32572115384615385 0.04567307692307692 0.09375