0 0.020432692307692308 0.2776442307692308 0.040865384615384616 0.0985576923076923
0 0.10817307692307693 0.26322115384615385 0.07692307692307693 0.15144230769230768
0 0.2091346153846154 0.3004807692307692 0.057692307692307696 0.11538461538461539
0 0.34615384615384615 0.29447115384615385 0.07932692307692307 0.1466346153846154
0 0.39663461538461536 0.296875 0.04807692307692308 0.10576923076923077
0 0.47716346153846156 0.26802884615384615 0.06490384615384616 0.14903846153846154
0 0.5120192307692307 0.29447115384615385 0.03365384615384615 0.08653846153846154
0 0.5829326923076923 0.24278846153846154 0.08413461538461539 0.17307692307692307
0 0.6189903846153846 0.26802884615384615 0.052884615384615384 0.125
0 0.78125 0.3329326923076923 0.06009615384615385 0.12259615384615384
0 0.8293269230769231 0.265625 0.06009615384615385 0.10817307692307693
0 0.9038461538461539 0.29086538461538464 0.0985576923076923 0.1658653846153846
0 0.9699519230769231 0.2776442307692308 0.04567307692307692 0.10817307692307693