1 0.8918269230769231 0.18269230769230768 0.07692307692307693 0.125
1 0.33774038461538464 0.24639423076923078 0.0673076923076923 0.125
1 0.06129807692307692 0.28125 0.06490384615384616 0.11538461538461539
1 0.49399038461538464 0.22355769230769232 0.0625 0.11778846153846154
1 0.6622596153846154 0.21754807692307693 0.057692307692307696 0.11778846153846154
1 0.1875 0.2980769230769231 0.06971153846153846 0.11057692307692307
1 0.4338942307692308 0.265625 0.04567307692307692 0.0985576923076923
0 0.7548076923076923 0.23197115384615385 0.04807692307692308 0.09134615384615384
1 0.703125 0.24519230769230768 0.04326923076923077 0.07932692307692307
1 0.5540865384615384 0.24278846153846154 0.04326923076923077 0.08653846153846154
1 0.5829326923076923 0.25600961538461536 0.038461538461538464 0.07451923076923077
1 0.6153846153846154 0.2512019230769231 0.04807692307692308 0.0889423076923077
1 0.22596153846153846 0.27283653846153844 0.036057692307692304 0.09375
1 0.2848557692307692 0.27283653846153844 0.036057692307692304 0.0673076923076923