1 0.8810096153846154 0.3942307692307692 0.1778846153846154 0.3557692307692308
1 0.7319711538461539 0.2608173076923077 0.10576923076923077 0.18269230769230768
1 0.8605769230769231 0.2800480769230769 0.08173076923076923 0.14423076923076922
1 0.9326923076923077 0.33533653846153844 0.1346153846153846 0.5408653846153846
0 0.2692307692307692 0.28725961538461536 0.09375 0.14903846153846154
0 0.40384615384615385 0.22716346153846154 0.10336538461538461 0.16105769230769232
0 0.48197115384615385 0.2536057692307692 0.11057692307692307 0.18509615384615385
0 0.1346153846153846 0.24278846153846154 0.09615384615384616 0.15144230769230768
0 0.6574519230769231 0.20072115384615385 0.14182692307692307 0.21875
0 0.07091346153846154 0.22956730769230768 0.0673076923076923 0.11057692307692307
0 0.5889423076923077 0.24639423076923078 0.07451923076923077 0.15144230769230768
0 0.16105769230769232 0.18509615384615385 0.08653846153846154 0.13221153846153846
0 0.3329326923076923 0.28125 0.05048076923076923 0.09615384615384616