1 0.9146634615384616 0.17427884615384615 0.07451923076923077 0.13221153846153846
1 0.3112980769230769 0.16947115384615385 0.0673076923076923 0.13221153846153846
1 0.025240384615384616 0.17067307692307693 0.03365384615384615 0.12259615384615384
1 0.48197115384615385 0.16466346153846154 0.06009615384615385 0.125
1 0.6634615384615384 0.18269230769230768 0.055288461538461536 0.125
1 0.14423076923076922 0.20552884615384615 0.06971153846153846 0.11538461538461539
1 0.41346153846153844 0.203125 0.04326923076923077 0.10576923076923077
0 0.7620192307692307 0.20793269230769232 0.04807692307692308 0.0985576923076923
1 0.703125 0.21634615384615385 0.04326923076923077 0.08653846153846154
1 0.5444711538461539 0.19471153846153846 0.04326923076923077 0.09134615384615384
1 0.5733173076923077 0.21153846153846154 0.036057692307692304 0.07692307692307693
1 0.6081730769230769 0.21153846153846154 0.04567307692307692 0.09615384615384616
1 0.18870192307692307 0.18389423076923078 0.03365384615384615 0.10096153846153846
1 0.25240384615384615 0.19110576923076922 0.036057692307692304 0.07211538461538461