0 0.2920673076923077 0.4230769230769231 0.08653846153846154 0.13701923076923078
0 0.35336538461538464 0.4014423076923077 0.0673076923076923 0.10817307692307693
0 0.765625 0.36177884615384615 0.057692307692307696 0.10817307692307693
0 0.8137019230769231 0.35336538461538464 0.06490384615384616 0.11538461538461539
0 0.5961538461538461 0.4074519230769231 0.0625 0.09615384615384616
0 0.44711538461538464 0.39903846153846156 0.0625 0.10576923076923077
0 0.9579326923076923 0.4050480769230769 0.0673076923076923 0.09375
0 0.6586538461538461 0.37740384615384615 0.04567307692307692 0.07932692307692307
0 0.5372596153846154 0.40024038461538464 0.05048076923076923 0.0889423076923077
0 0.6862980769230769 0.37259615384615385 0.040865384615384616 0.07692307692307693
0 0.9411057692307693 0.34975961538461536 0.04567307692307692 0.07692307692307693