0 0.9459134615384616 0.25 0.057692307692307696 0.10096153846153846
0 0.8509615384615384 0.24278846153846154 0.07932692307692307 0.15144230769230768
0 0.7524038461538461 0.29086538461538464 0.057692307692307696 0.11778846153846154
0 0.6141826923076923 0.2956730769230769 0.08173076923076923 0.14903846153846154
0 0.5625 0.3016826923076923 0.05048076923076923 0.10576923076923077
0 0.4795673076923077 0.28125 0.0673076923076923 0.15144230769230768
0 0.4483173076923077 0.31009615384615385 0.03365384615384615 0.0889423076923077
0 0.37259615384615385 0.2644230769230769 0.08653846153846154 0.17548076923076922
0 0.33653846153846156 0.2932692307692308 0.055288461538461536 0.12740384615384615
0 0.18028846153846154 0.37259615384615385 0.0625 0.125
0 0.125 0.3088942307692308 0.06009615384615385 0.11057692307692307
0 0.052884615384615384 0.3401442307692308 0.10336538461538461 0.16826923076923078
0 0.004807692307692308 0.3329326923076923 0.009615384615384616 0.10817307692307693