0 0.6754807692307693 0.39663461538461536 0.08173076923076923 0.13942307692307693
0 0.609375 0.38461538461538464 0.06490384615384616 0.11057692307692307
0 0.17307692307692307 0.4026442307692308 0.055288461538461536 0.11057692307692307
0 0.12259615384615384 0.4014423076923077 0.0625 0.11538461538461539
0 0.35697115384615385 0.4254807692307692 0.057692307692307696 0.09615384615384616
0 0.5108173076923077 0.39663461538461536 0.06009615384615385 0.10576923076923077
0 0.006009615384615385 0.4723557692307692 0.01201923076923077 0.09375
0 0.28725961538461536 0.40384615384615385 0.04326923076923077 0.08173076923076923
0 0.4182692307692308 0.4098557692307692 0.04567307692307692 0.09134615384615384
0 0.25841346153846156 0.40384615384615385 0.036057692307692304 0.07692307692307693
0 0.004807692307692308 0.41346153846153844 0.009615384615384616 0.07692307692307693