0 0.9435096153846154 0.4951923076923077 0.0985576923076923 0.15144230769230768
0 0.8449519230769231 0.5180288461538461 0.0985576923076923 0.14182692307692307
0 0.6634615384615384 0.5997596153846154 0.1201923076923077 0.1875
0 0.24759615384615385 0.6274038461538461 0.13701923076923078 0.20192307692307693
0 0.08533653846153846 0.5096153846153846 0.0673076923076923 0.10336538461538461
0 0.030048076923076924 0.4795673076923077 0.06009615384615385 0.11298076923076923
0 0.8125 0.4026442307692308 0.06490384615384616 0.09134615384615384
0 0.14182692307692307 0.5240384615384616 0.07932692307692307 0.12980769230769232
0 0.9783653846153846 0.4519230769230769 0.04326923076923077 0.1201923076923077
0 0.6826923076923077 0.40384615384615385 0.055288461538461536 0.10336538461538461
0 0.5853365384615384 0.40384615384615385 0.055288461538461536 0.0889423076923077
0 0.5024038461538461 0.39663461538461536 0.038461538461538464 0.06971153846153846
0 0.4807692307692308 0.3701923076923077 0.03125 0.06009615384615385
0 0.43509615384615385 0.3954326923076923 0.038461538461538464 0.07932692307692307
0 0.2848557692307692 0.39663461538461536 0.04326923076923077 0.0673076923076923
0 0.13701923076923078 0.4338942307692308 0.04326923076923077 0.06009615384615385
0 0.1971153846153846 0.41225961538461536 0.055288461538461536 0.07932692307692307