0 0.6995192307692307 0.37259615384615385 0.07932692307692307 0.13942307692307693
0 0.6334134615384616 0.35697115384615385 0.0625 0.11057692307692307
0 0.1935096153846154 0.35336538461538464 0.052884615384615384 0.11057692307692307
0 0.14302884615384615 0.3485576923076923 0.06009615384615385 0.11778846153846154
0 0.37740384615384615 0.38461538461538464 0.057692307692307696 0.0985576923076923
0 0.5348557692307693 0.3629807692307692 0.057692307692307696 0.10817307692307693
0 0.014423076923076924 0.41586538461538464 0.026442307692307692 0.09375
0 0.3076923076923077 0.359375 0.04326923076923077 0.08173076923076923
0 0.43990384615384615 0.37259615384615385 0.04567307692307692 0.09134615384615384
0 0.27884615384615385 0.3581730769230769 0.036057692307692304 0.07692307692307693
0 0.015625 0.3557692307692308 0.026442307692307692 0.07692307692307693