1 0.9362980769230769 0.2091346153846154 0.0673076923076923 0.1201923076923077
1 0.3762019230769231 0.2247596153846154 0.057692307692307696 0.1201923076923077
1 0.09615384615384616 0.23557692307692307 0.055288461538461536 0.11057692307692307
1 0.5336538461538461 0.21634615384615385 0.052884615384615384 0.11538461538461539
1 0.703125 0.2247596153846154 0.04807692307692308 0.11538461538461539
1 0.22235576923076922 0.2644230769230769 0.06009615384615385 0.10576923076923077
1 0.47115384615384615 0.2536057692307692 0.038461538461538464 0.09615384615384616
0 0.7956730769230769 0.24639423076923078 0.040865384615384616 0.09134615384615384
1 0.7415865384615384 0.25600961538461536 0.038461538461538464 0.07692307692307693
1 0.5925480769230769 0.2403846153846154 0.038461538461538464 0.08413461538461539
1 0.6213942307692307 0.25600961538461536 0.03125 0.07211538461538461
1 0.6538461538461539 0.2548076923076923 0.038461538461538464 0.08653846153846154
1 0.2620192307692308 0.24278846153846154 0.028846153846153848 0.09375
1 0.32091346153846156 0.24639423076923078 0.03125 0.06490384615384616