0 0.7391826923076923 0.25240384615384615 0.06971153846153846 0.11538461538461539
0 0.2824519230769231 0.23677884615384615 0.0673076923076923 0.10817307692307693
0 0.8028846153846154 0.28725961538461536 0.07211538461538461 0.125
0 0.38461538461538464 0.23317307692307693 0.06971153846153846 0.13221153846153846
0 0.49038461538461536 0.17067307692307693 0.057692307692307696 0.11538461538461539
0 0.11057692307692307 0.25 0.07451923076923077 0.13942307692307693
0 0.9158653846153846 0.2439903846153846 0.0625 0.11538461538461539
0 0.14423076923076922 0.18870192307692307 0.055288461538461536 0.10817307692307693
0 0.6177884615384616 0.2536057692307692 0.055288461538461536 0.11057692307692307
0 0.5612980769230769 0.2512019230769231 0.052884615384615384 0.09375
0 0.7019230769230769 0.28125 0.03125 0.09134615384615384