1 0.15384615384615385 0.32572115384615385 0.12980769230769232 0.32211538461538464
1 0.3137019230769231 0.22716346153846154 0.07932692307692307 0.1658653846153846
1 0.19230769230769232 0.22235576923076922 0.0625 0.12980769230769232
1 0.07572115384615384 0.25240384615384615 0.15144230769230768 0.5048076923076923
0 0.7331730769230769 0.33533653846153844 0.07211538461538461 0.1346153846153846
0 0.6201923076923077 0.2548076923076923 0.08173076923076923 0.14423076923076922
0 0.5444711538461539 0.2668269230769231 0.08653846153846154 0.1658653846153846
0 0.8641826923076923 0.3173076923076923 0.07451923076923077 0.1346153846153846
0 0.39302884615384615 0.18629807692307693 0.11057692307692307 0.19230769230769232
0 0.9711538461538461 0.33533653846153844 0.057692307692307696 0.11298076923076923
0 0.9242788461538461 0.31850961538461536 0.05048076923076923 0.10096153846153846
0 0.44711538461538464 0.2403846153846154 0.052884615384615384 0.13701923076923078
0 0.8509615384615384 0.2608173076923077 0.0673076923076923 0.11778846153846154
0 0.6754807692307693 0.31850961538461536 0.038461538461538464 0.08653846153846154