0 0.24158653846153846 0.27524038461538464 0.07451923076923077 0.11778846153846154
0 0.6959134615384616 0.21875 0.07211538461538461 0.11298076923076923
0 0.18269230769230768 0.3137019230769231 0.07932692307692307 0.12740384615384615
0 0.5925480769230769 0.22355769230769232 0.07692307692307693 0.13701923076923078
0 0.4831730769230769 0.17067307692307693 0.06490384615384616 0.11778846153846154
0 0.8677884615384616 0.21634615384615385 0.08173076923076923 0.14182692307692307
0 0.06370192307692307 0.28125 0.06971153846153846 0.11778846153846154
0 0.828125 0.15865384615384615 0.0625 0.11057692307692307
0 0.3629807692307692 0.2644230769230769 0.0625 0.11298076923076923
0 0.41947115384615385 0.25721153846153844 0.057692307692307696 0.09615384615384616
0 0.2824519230769231 0.29927884615384615 0.036057692307692304 0.09134615384615384