0 0.9471153846153846 0.31009615384615385 0.08413461538461539 0.15625
0 0.8413461538461539 0.34375 0.0625 0.1201923076923077
0 0.6995192307692307 0.3329326923076923 0.08653846153846154 0.15384615384615385
0 0.6478365384615384 0.3317307692307692 0.052884615384615384 0.11057692307692307
0 0.5661057692307693 0.29927884615384615 0.07211538461538461 0.15625
0 0.5288461538461539 0.32572115384615385 0.036057692307692304 0.09134615384615384
0 0.4579326923076923 0.27163461538461536 0.09134615384615384 0.18028846153846154
0 0.41947115384615385 0.2956730769230769 0.06009615384615385 0.12980769230769232
0 0.2512019230769231 0.3557692307692308 0.06490384615384616 0.12740384615384615
0 0.203125 0.2848557692307692 0.06490384615384616 0.11298076923076923
0 0.125 0.3088942307692308 0.10817307692307693 0.17307692307692307
0 0.05889423076923077 0.2932692307692308 0.05048076923076923 0.11298076923076923