0 0.9411057692307693 0.5036057692307693 0.09375 0.14423076923076922
0 0.8461538461538461 0.5252403846153846 0.09375 0.1346153846153846
0 0.6730769230769231 0.6045673076923077 0.11538461538461539 0.18028846153846154
0 0.27524038461538464 0.6310096153846154 0.12980769230769232 0.19471153846153846
0 0.1201923076923077 0.5192307692307693 0.0625 0.10096153846153846
0 0.06490384615384616 0.4879807692307692 0.0625 0.10817307692307693
0 0.8161057692307693 0.41586538461538464 0.0625 0.08653846153846154
0 0.17427884615384615 0.53125 0.07451923076923077 0.125
0 0.9771634615384616 0.46153846153846156 0.04567307692307692 0.11538461538461539
0 0.6923076923076923 0.4170673076923077 0.052884615384615384 0.0985576923076923
0 0.5973557692307693 0.4170673076923077 0.052884615384615384 0.08413461538461539
0 0.5204326923076923 0.4098557692307692 0.036057692307692304 0.0673076923076923
0 0.4987980769230769 0.38461538461538464 0.028846153846153848 0.057692307692307696
0 0.45552884615384615 0.40865384615384615 0.038461538461538464 0.07692307692307693
0 0.3125 0.4098557692307692 0.040865384615384616 0.06490384615384616
0 0.16947115384615385 0.44471153846153844 0.04326923076923077 0.057692307692307696
0 0.22716346153846154 0.4254807692307692 0.052884615384615384 0.07451923076923077