0 0.47716346153846156 0.16346153846153846 0.09375 0.14903846153846154
0 0.6502403846153846 0.1310096153846154 0.10336538461538461 0.15865384615384615
0 0.2283653846153846 0.19230769230769232 0.10096153846153846 0.15144230769230768
0 0.7860576923076923 0.09495192307692307 0.10817307692307693 0.16346153846153846
0 0.8713942307692307 0.13822115384615385 0.0889423076923077 0.13221153846153846
0 0.05048076923076923 0.234375 0.08653846153846154 0.14903846153846154
0 0.07451923076923077 0.21875 0.07692307692307693 0.13701923076923078
0 0.5805288461538461 0.20072115384615385 0.0673076923076923 0.12980769230769232
0 0.7463942307692307 0.18389423076923078 0.05048076923076923 0.07451923076923077
0 0.5228365384615384 0.20552884615384615 0.05048076923076923 0.0985576923076923
0 0.3425480769230769 0.1778846153846154 0.07692307692307693 0.12740384615384615
0 0.2956730769230769 0.1935096153846154 0.0625 0.10336538461538461
0 0.12620192307692307 0.24519230769230768 0.05048076923076923 0.08653846153846154
0 0.921875 0.14302884615384615 0.055288461538461536 0.1201923076923077