0 0.5745192307692307 0.2247596153846154 0.08653846153846154 0.13701923076923078
0 0.7379807692307693 0.24278846153846154 0.09375 0.1466346153846154
0 0.3473557692307692 0.18509615384615385 0.09134615384615384 0.13701923076923078
0 0.8665865384615384 0.24759615384615385 0.0985576923076923 0.15144230769230768
0 0.9290865384615384 0.31009615384615385 0.08173076923076923 0.12259615384615384
0 0.1778846153846154 0.17307692307692307 0.07692307692307693 0.1346153846153846
0 0.203125 0.1658653846153846 0.0673076923076923 0.12740384615384615
0 0.65625 0.2860576923076923 0.06009615384615385 0.1201923076923077
0 0.8076923076923077 0.3161057692307692 0.04567307692307692 0.0673076923076923
0 0.6033653846153846 0.27524038461538464 0.04567307692307692 0.09134615384615384
0 0.4519230769230769 0.20192307692307693 0.06971153846153846 0.11778846153846154
0 0.4074519230769231 0.203125 0.057692307692307696 0.09615384615384616
0 0.24278846153846154 0.203125 0.04567307692307692 0.07932692307692307
0 0.9735576923076923 0.328125 0.04807692307692308 0.11298076923076923