0 0.07211538461538461 0.5829326923076923 0.10336538461538461 0.14903846153846154
0 0.16826923076923078 0.5877403846153846 0.10096153846153846 0.13942307692307693
0 0.35216346153846156 0.6346153846153846 0.12740384615384615 0.1875
0 0.7475961538461539 0.5913461538461539 0.14182692307692307 0.20192307692307693
0 0.8810096153846154 0.4543269230769231 0.06971153846153846 0.10336538461538461
0 0.9302884615384616 0.41586538461538464 0.06971153846153846 0.11298076923076923
0 0.17908653846153846 0.47475961538461536 0.0673076923076923 0.09134615384615384
0 0.8305288461538461 0.47596153846153844 0.08173076923076923 0.12980769230769232
0 0.027644230769230768 0.546875 0.055288461538461536 0.11778846153846154
0 0.3004807692307692 0.4543269230769231 0.06009615384615385 0.10336538461538461
0 0.39302884615384615 0.4375 0.057692307692307696 0.08653846153846154
0 0.46875 0.4170673076923077 0.040865384615384616 0.06971153846153846
0 0.4855769230769231 0.38822115384615385 0.03365384615384615 0.06009615384615385
0 0.5324519230769231 0.4050480769230769 0.04326923076923077 0.07692307692307693
0 0.6730769230769231 0.38100961538461536 0.04567307692307692 0.0673076923076923
0 0.8197115384615384 0.3918269230769231 0.04567307692307692 0.06009615384615385
0 0.7596153846153846 0.38100961538461536 0.057692307692307696 0.07692307692307693