1 0.16706730769230768 0.3449519230769231 0.12259615384615384 0.3173076923076923
1 0.3233173076923077 0.24639423076923078 0.07692307692307693 0.16346153846153846
1 0.20432692307692307 0.2439903846153846 0.057692307692307696 0.12740384615384615
1 0.07932692307692307 0.2620192307692308 0.15865384615384615 0.5240384615384616
0 0.7391826923076923 0.3449519230769231 0.06971153846153846 0.12980769230769232
0 0.6262019230769231 0.2692307692307692 0.07932692307692307 0.14182692307692307
0 0.5516826923076923 0.28125 0.08173076923076923 0.16346153846153846
0 0.8689903846153846 0.32572115384615385 0.06971153846153846 0.12980769230769232
0 0.4014423076923077 0.20432692307692307 0.10576923076923077 0.18990384615384615
0 0.9723557692307693 0.34134615384615385 0.055288461538461536 0.11057692307692307
0 0.9290865384615384 0.32572115384615385 0.04807692307692308 0.0985576923076923
0 0.45552884615384615 0.25600961538461536 0.05048076923076923 0.1346153846153846
0 0.8545673076923077 0.2692307692307692 0.06490384615384616 0.11538461538461539
0 0.6826923076923077 0.33052884615384615 0.036057692307692304 0.08653846153846154