0 0.14903846153846154 0.5204326923076923 0.07692307692307693 0.11538461538461539
0 0.40865384615384615 0.4182692307692308 0.06971153846153846 0.12740384615384615
0 0.4735576923076923 0.4170673076923077 0.06490384615384616 0.10576923076923077
0 0.8689903846153846 0.41466346153846156 0.06490384615384616 0.10576923076923077
0 0.296875 0.43509615384615385 0.0673076923076923 0.11057692307692307
0 0.19591346153846154 0.45913461538461536 0.0673076923076923 0.11057692307692307
0 0.27884615384615385 0.5516826923076923 0.07211538461538461 0.12740384615384615
0 0.625 0.4963942307692308 0.0673076923076923 0.11298076923076923
0 0.7704326923076923 0.4326923076923077 0.0625 0.10096153846153846
0 0.2439903846153846 0.4495192307692308 0.057692307692307696 0.0985576923076923
0 0.7259615384615384 0.4723557692307692 0.06490384615384616 0.09134615384615384
0 0.140625 0.44471153846153844 0.0673076923076923 0.10576923076923077
0 0.8329326923076923 0.4423076923076923 0.06490384615384616 0.10817307692307693
0 0.6947115384615384 0.4326923076923077 0.04807692307692308 0.08413461538461539
0 0.6478365384615384 0.43990384615384615 0.04807692307692308 0.08653846153846154
0 0.6538461538461539 0.37740384615384615 0.05048076923076923 0.08653846153846154
0 0.5649038461538461 0.40865384615384615 0.0625 0.10576923076923077
0 0.5264423076923077 0.4266826923076923 0.04807692307692308 0.08173076923076923
0 0.5552884615384616 0.5036057692307693 0.06490384615384616 0.10817307692307693
0 0.48197115384615385 0.5288461538461539 0.06971153846153846 0.11298076923076923
0 0.3545673076923077 0.4254807692307692 0.06009615384615385 0.0889423076923077
0 0.36778846153846156 0.5084134615384616 0.06490384615384616 0.11538461538461539