1 0.5384615384615384 0.5372596153846154 0.09375 0.13701923076923078
1 0.16105769230769232 0.4206730769230769 0.09134615384615384 0.12980769230769232
1 0.5288461538461539 0.4483173076923077 0.05048076923076923 0.06490384615384616
1 0.7451923076923077 0.4951923076923077 0.05048076923076923 0.06490384615384616
0 0.34134615384615385 0.4639423076923077 0.07692307692307693 0.09375
0 0.40384615384615385 0.43028846153846156 0.07211538461538461 0.0889423076923077
0 0.47115384615384615 0.4519230769230769 0.0625 0.07932692307692307
0 0.6442307692307693 0.49038461538461536 0.07692307692307693 0.10096153846153846
0 0.6778846153846154 0.5300480769230769 0.057692307692307696 0.0985576923076923
1 0.7163461538461539 0.44471153846153844 0.04567307692307692 0.06009615384615385
0 0.6201923076923077 0.4098557692307692 0.036057692307692304 0.055288461538461536
0 0.6646634615384616 0.39783653846153844 0.038461538461538464 0.06009615384615385
0 0.6899038461538461 0.4098557692307692 0.03365384615384615 0.05048076923076923
0 0.5516826923076923 0.41225961538461536 0.036057692307692304 0.052884615384615384