1 0.37740384615384615 0.171875 0.0889423076923077 0.17307692307692307
1 0.6850961538461539 0.17427884615384615 0.15865384615384615 0.2644230769230769
1 0.4495192307692308 0.21033653846153846 0.08413461538461539 0.13701923076923078
1 0.8725961538461539 0.18269230769230768 0.12259615384615384 0.20192307692307693
1 0.18870192307692307 0.27884615384615385 0.15865384615384615 0.25
1 0.06370192307692307 0.23557692307692307 0.10817307692307693 0.18028846153846154
1 0.3112980769230769 0.22115384615384615 0.11298076923076923 0.18269230769230768
1 0.5721153846153846 0.22716346153846154 0.06490384615384616 0.11538461538461539
1 0.49399038461538464 0.22716346153846154 0.040865384615384616 0.125
1 0.2512019230769231 0.24759615384615385 0.07211538461538461 0.14182692307692307
1 0.008413461538461538 0.28725961538461536 0.016826923076923076 0.17067307692307693
1 0.5276442307692307 0.2536057692307692 0.04567307692307692 0.09375
1 0.8100961538461539 0.20432692307692307 0.057692307692307696 0.09134615384615384