1 0.609375 0.16466346153846154 0.08173076923076923 0.17067307692307693
1 0.30408653846153844 0.1778846153846154 0.14903846153846154 0.25961538461538464
1 0.5372596153846154 0.20552884615384615 0.08173076923076923 0.1346153846153846
1 0.11899038461538461 0.19110576923076922 0.11778846153846154 0.1971153846153846
1 0.7992788461538461 0.26322115384615385 0.14903846153846154 0.24519230769230768
1 0.9206730769230769 0.21514423076923078 0.10336538461538461 0.1778846153846154
1 0.6754807692307693 0.21153846153846154 0.10817307692307693 0.1778846153846154
1 0.4182692307692308 0.22596153846153846 0.06009615384615385 0.11298076923076923
1 0.49399038461538464 0.22235576923076922 0.036057692307692304 0.125
1 0.7355769230769231 0.234375 0.0673076923076923 0.13942307692307693
1 0.984375 0.265625 0.03125 0.17067307692307693
1 0.46274038461538464 0.2512019230769231 0.040865384615384616 0.09375
1 0.18028846153846154 0.21033653846153846 0.055288461538461536 0.0889423076923077