1 0.34375 0.12740384615384615 0.09375 0.18509615384615385
1 0.6730769230769231 0.13581730769230768 0.16826923076923078 0.27163461538461536
1 0.421875 0.16826923076923078 0.09134615384615384 0.1466346153846154
1 0.8737980769230769 0.13822115384615385 0.13221153846153846 0.21394230769230768
1 0.14182692307692307 0.24158653846153846 0.16826923076923078 0.2692307692307692
1 0.03365384615384615 0.1935096153846154 0.0673076923076923 0.19471153846153846
1 0.27163461538461536 0.18028846153846154 0.12259615384615384 0.19471153846153846
1 0.5516826923076923 0.18629807692307693 0.06971153846153846 0.12259615384615384
1 0.46875 0.18509615384615385 0.04567307692307692 0.13701923076923078
1 0.2091346153846154 0.20793269230769232 0.07692307692307693 0.15144230769230768
1 0.5048076923076923 0.21394230769230768 0.04567307692307692 0.10096153846153846
1 0.8076923076923077 0.16105769230769232 0.06009615384615385 0.09615384615384616