1 0.4206730769230769 0.484375 0.09134615384615384 0.1466346153846154
1 0.859375 0.4519230769230769 0.09134615384615384 0.13942307692307693
1 0.453125 0.3894230769230769 0.05048076923076923 0.06971153846153846
1 0.20793269230769232 0.3858173076923077 0.05048076923076923 0.06971153846153846
0 0.6526442307692307 0.4543269230769231 0.07692307692307693 0.0985576923076923
0 0.59375 0.40024038461538464 0.07211538461538461 0.09375
0 0.5144230769230769 0.4074519230769231 0.0625 0.08413461538461539
0 0.31850961538461536 0.4050480769230769 0.07451923076923077 0.10817307692307693
0 0.27283653846153844 0.4423076923076923 0.055288461538461536 0.10817307692307693
1 0.25240384615384615 0.33774038461538464 0.04567307692307692 0.0625
0 0.36538461538461536 0.3245192307692308 0.036057692307692304 0.057692307692307696
0 0.31850961538461536 0.3004807692307692 0.038461538461538464 0.06490384615384616
0 0.28966346153846156 0.30649038461538464 0.03365384615384615 0.055288461538461536
0 0.4387019230769231 0.34375 0.038461538461538464 0.055288461538461536