0 0.8425480769230769 0.4879807692307692 0.0625 0.10336538461538461
0 0.5817307692307693 0.421875 0.055288461538461536 0.11538461538461539
0 0.5192307692307693 0.42788461538461536 0.05048076923076923 0.09615384615384616
0 0.140625 0.4723557692307692 0.052884615384615384 0.09615384615384616
0 0.6899038461538461 0.4254807692307692 0.052884615384615384 0.10096153846153846
0 0.7896634615384616 0.43509615384615385 0.052884615384615384 0.10096153846153846
0 0.7211538461538461 0.5336538461538461 0.055288461538461536 0.11538461538461539
0 0.38461538461538464 0.5216346153846154 0.055288461538461536 0.10336538461538461
0 0.23677884615384615 0.47716346153846156 0.05048076923076923 0.09134615384615384
0 0.7415865384615384 0.43149038461538464 0.04567307692307692 0.0889423076923077
0 0.2848557692307692 0.5096153846153846 0.055288461538461536 0.08413461538461539
0 0.8413461538461539 0.41586538461538464 0.055288461538461536 0.09615384615384616
0 0.1778846153846154 0.49399038461538464 0.05048076923076923 0.0985576923076923
0 0.31009615384615385 0.46875 0.038461538461538464 0.07692307692307693
0 0.3545673076923077 0.47115384615384615 0.038461538461538464 0.07932692307692307
0 0.3425480769230769 0.41225961538461536 0.040865384615384616 0.07932692307692307
0 0.43149038461538464 0.43149038461538464 0.04807692307692308 0.0985576923076923
0 0.47115384615384615 0.44350961538461536 0.038461538461538464 0.07451923076923077
0 0.4519230769230769 0.5192307692307693 0.05048076923076923 0.0985576923076923
0 0.5240384615384616 0.5348557692307693 0.055288461538461536 0.10336538461538461
0 0.6334134615384616 0.4230769230769231 0.04807692307692308 0.07932692307692307
0 0.6310096153846154 0.5036057692307693 0.05048076923076923 0.10576923076923077