0 0.09375 0.4951923076923077 0.07451923076923077 0.11778846153846154
0 0.36899038461538464 0.40384615384615385 0.0673076923076923 0.12740384615384615
0 0.4375 0.40625 0.0625 0.10576923076923077
0 0.8473557692307693 0.4254807692307692 0.0625 0.10576923076923077
0 0.25240384615384615 0.4170673076923077 0.0625 0.11298076923076923
0 0.1466346153846154 0.43509615384615385 0.0625 0.11298076923076923
0 0.2283653846153846 0.5348557692307693 0.06971153846153846 0.12740384615384615
0 0.5889423076923077 0.49759615384615385 0.06490384615384616 0.11538461538461539
0 0.7439903846153846 0.4387019230769231 0.06009615384615385 0.10336538461538461
0 0.19831730769230768 0.42788461538461536 0.055288461538461536 0.0985576923076923
0 0.6947115384615384 0.47716346153846156 0.06490384615384616 0.09375
0 0.09014423076923077 0.4170673076923077 0.06490384615384616 0.10576923076923077
0 0.8100961538461539 0.4519230769230769 0.0625 0.10817307692307693
0 0.6658653846153846 0.43509615384615385 0.04567307692307692 0.08653846153846154
0 0.6177884615384616 0.43990384615384615 0.04807692307692308 0.0889423076923077
0 0.6262019230769231 0.375 0.05048076923076923 0.0889423076923077
0 0.5324519230769231 0.4026442307692308 0.06009615384615385 0.10817307692307693
0 0.49038461538461536 0.4182692307692308 0.04567307692307692 0.08173076923076923
0 0.5180288461538461 0.5 0.0625 0.10817307692307693
0 0.43990384615384615 0.5228365384615384 0.0673076923076923 0.11538461538461539
0 0.3137019230769231 0.40865384615384615 0.057692307692307696 0.09134615384615384
0 0.32211538461538464 0.4963942307692308 0.0625 0.11778846153846154