1 0.5372596153846154 0.5336538461538461 0.09615384615384616 0.14182692307692307
1 0.14543269230769232 0.41225961538461536 0.09615384615384616 0.1346153846153846
1 0.5276442307692307 0.4411057692307692 0.052884615384615384 0.0673076923076923
1 0.7512019230769231 0.4891826923076923 0.052884615384615384 0.0673076923076923
0 0.3329326923076923 0.4579326923076923 0.07932692307692307 0.09615384615384616
0 0.39663461538461536 0.421875 0.07451923076923077 0.09375
0 0.46634615384615385 0.44350961538461536 0.06490384615384616 0.08173076923076923
0 0.6466346153846154 0.484375 0.07932692307692307 0.10576923076923077
0 0.6802884615384616 0.5276442307692307 0.06009615384615385 0.10336538461538461
1 0.7211538461538461 0.4362980769230769 0.04807692307692308 0.0625
0 0.6201923076923077 0.40024038461538464 0.036057692307692304 0.057692307692307696
0 0.6670673076923077 0.3894230769230769 0.040865384615384616 0.0625
0 0.6935096153846154 0.40024038461538464 0.03365384615384615 0.052884615384615384
0 0.5492788461538461 0.4026442307692308 0.038461538461538464 0.055288461538461536