1 0.9338942307692307 0.3329326923076923 0.13221153846153846 0.20192307692307693
1 0.056490384615384616 0.3233173076923077 0.09615384615384616 0.13221153846153846
1 0.6478365384615384 0.35096153846153844 0.06490384615384616 0.12980769230769232
1 0.7620192307692307 0.3798076923076923 0.06971153846153846 0.12259615384615384
1 0.31490384615384615 0.3449519230769231 0.0625 0.0985576923076923
1 0.22355769230769232 0.33653846153846156 0.057692307692307696 0.0985576923076923
0 0.1814903846153846 0.31009615384615385 0.06009615384615385 0.09615384615384616
0 0.8161057692307693 0.36778846153846156 0.06971153846153846 0.125
0 0.45072115384615385 0.375 0.055288461538461536 0.10336538461538461
0 0.5673076923076923 0.3701923076923077 0.055288461538461536 0.10336538461538461
0 0.5120192307692307 0.34134615384615385 0.04807692307692308 0.09134615384615384
1 0.26322115384615385 0.2920673076923077 0.040865384615384616 0.06971153846153846
0 0.40865384615384615 0.34615384615384615 0.052884615384615384 0.09134615384615384