1 0.06971153846153846 0.33533653846153844 0.13221153846153846 0.19951923076923078
1 0.9338942307692307 0.3269230769230769 0.09615384615384616 0.12980769230769232
1 0.35216346153846156 0.35336538461538464 0.06490384615384616 0.12740384615384615
1 0.2403846153846154 0.3798076923076923 0.0673076923076923 0.1201923076923077
1 0.6790865384615384 0.34615384615384615 0.0625 0.0985576923076923
1 0.7692307692307693 0.3389423076923077 0.057692307692307696 0.0985576923076923
0 0.8100961538461539 0.3137019230769231 0.06009615384615385 0.09375
0 0.18629807692307693 0.3701923076923077 0.0673076923076923 0.125
0 0.5456730769230769 0.37740384615384615 0.055288461538461536 0.10096153846153846
0 0.43149038461538464 0.37259615384615385 0.052884615384615384 0.10336538461538461
0 0.48677884615384615 0.34375 0.04807692307692308 0.0889423076923077
1 0.7307692307692307 0.2956730769230769 0.040865384615384616 0.06971153846153846
0 0.5865384615384616 0.3485576923076923 0.052884615384615384 0.0889423076923077