1 0.9278846153846154 0.2920673076923077 0.12740384615384615 0.2091346153846154
1 0.019230769230769232 0.3485576923076923 0.03365384615384615 0.1346153846153846
1 0.6213942307692307 0.33413461538461536 0.0625 0.1346153846153846
1 0.7451923076923077 0.3545673076923077 0.06490384615384616 0.12740384615384615
1 0.265625 0.35096153846153844 0.0625 0.10096153846153846
1 0.16826923076923078 0.3485576923076923 0.055288461538461536 0.10096153846153846
0 0.1201923076923077 0.3245192307692308 0.057692307692307696 0.0985576923076923
0 0.8028846153846154 0.33774038461538464 0.06490384615384616 0.13221153846153846
0 0.41466346153846156 0.3737980769230769 0.052884615384615384 0.10576923076923077
0 0.5372596153846154 0.359375 0.05048076923076923 0.10817307692307693
0 0.47475961538461536 0.3329326923076923 0.04567307692307692 0.09375
1 0.20793269230769232 0.29927884615384615 0.040865384615384616 0.07211538461538461
0 0.36658653846153844 0.3449519230769231 0.05048076923076923 0.09375