1 0.15264423076923078 0.41225961538461536 0.06490384615384616 0.10576923076923077
1 0.5420673076923077 0.4266826923076923 0.057692307692307696 0.11298076923076923
1 0.8617788461538461 0.4495192307692308 0.0625 0.11778846153846154
1 0.6995192307692307 0.45913461538461536 0.057692307692307696 0.10576923076923077
1 0.8016826923076923 0.47475961538461536 0.038461538461538464 0.07211538461538461
1 0.6610576923076923 0.4495192307692308 0.036057692307692304 0.09134615384615384
1 0.5012019230769231 0.4362980769230769 0.04807692307692308 0.0985576923076923
1 0.3762019230769231 0.3894230769230769 0.06009615384615385 0.11298076923076923
1 0.29927884615384615 0.41466346153846156 0.04567307692307692 0.07692307692307693
1 0.3293269230769231 0.4266826923076923 0.036057692307692304 0.07451923076923077
1 0.21153846153846154 0.39783653846153844 0.04567307692307692 0.07692307692307693
1 0.028846153846153848 0.3954326923076923 0.04807692307692308 0.07451923076923077
1 0.11538461538461539 0.4050480769230769 0.04326923076923077 0.09134615384615384
1 0.6225961538461539 0.4266826923076923 0.055288461538461536 0.10096153846153846
1 0.44591346153846156 0.43028846153846156 0.028846153846153848 0.057692307692307696
1 0.4182692307692308 0.43149038461538464 0.03365384615384615 0.0625