1 0.12740384615384615 0.5721153846153846 0.20673076923076922 0.36538461538461536
1 0.24519230769230768 0.44350961538461536 0.12980769230769232 0.24759615384615385
1 0.41346153846153844 0.5036057692307693 0.07692307692307693 0.15865384615384615
1 0.40625 0.41586538461538464 0.05048076923076923 0.08413461538461539
1 0.46153846153846156 0.41466346153846156 0.0673076923076923 0.125
1 0.5685096153846154 0.4387019230769231 0.07692307692307693 0.15384615384615385
1 0.6045673076923077 0.8076923076923077 0.31009615384615385 0.38461538461538464
1 0.734375 0.5769230769230769 0.12259615384615384 0.20192307692307693
1 0.8233173076923077 0.5036057692307693 0.11538461538461539 0.1971153846153846
1 0.9519230769230769 0.6538461538461539 0.09615384615384616 0.3317307692307692
1 0.7283653846153846 0.40384615384615385 0.07692307692307693 0.15384615384615385
1 0.6117788461538461 0.484375 0.1201923076923077 0.15625
1 0.5913461538461539 0.65625 0.20192307692307693 0.2692307692307692
1 0.6730769230769231 0.5036057692307693 0.07692307692307693 0.15144230769230768
1 0.6550480769230769 0.3954326923076923 0.07932692307692307 0.10096153846153846