0 0.8269230769230769 0.6586538461538461 0.09134615384615384 0.15625
0 0.25 0.15144230769230768 0.11538461538461539 0.18269230769230768
0 0.6598557692307693 0.7103365384615384 0.08413461538461539 0.13701923076923078
0 0.8942307692307693 0.6298076923076923 0.06009615384615385 0.11778846153846154
0 0.39783653846153844 0.7019230769230769 0.06971153846153846 0.10817307692307693
0 0.7800480769230769 0.6418269230769231 0.040865384615384616 0.09134615384615384
0 0.9903846153846154 0.6129807692307693 0.019230769230769232 0.11538461538461539
0 0.5913461538461539 0.6742788461538461 0.04807692307692308 0.09134615384615384
0 0.5264423076923077 0.6730769230769231 0.055288461538461536 0.10336538461538461
0 0.4651442307692308 0.7007211538461539 0.05048076923076923 0.0889423076923077
0 0.7115384615384616 0.6610576923076923 0.04807692307692308 0.07932692307692307