1 0.7980769230769231 0.36177884615384615 0.0889423076923077 0.13942307692307693
1 0.18870192307692307 0.34375 0.16826923076923078 0.2620192307692308
1 0.7079326923076923 0.44711538461538464 0.09134615384615384 0.14903846153846154
1 0.46634615384615385 0.4050480769230769 0.07451923076923077 0.12740384615384615
1 0.3954326923076923 0.4014423076923077 0.07211538461538461 0.14423076923076922
1 0.5492788461538461 0.36899038461538464 0.07692307692307693 0.14423076923076922
1 0.29086538461538464 0.3798076923076923 0.09375 0.1658653846153846
1 0.040865384615384616 0.2860576923076923 0.057692307692307696 0.10576923076923077
1 0.5733173076923077 0.4014423076923077 0.07932692307692307 0.15144230769230768
1 0.328125 0.34975961538461536 0.055288461538461536 0.125
1 0.5685096153846154 0.39903846153846156 0.10096153846153846 0.17067307692307693
1 0.35697115384615385 0.3713942307692308 0.04807692307692308 0.1201923076923077