0 0.7055288461538461 0.33052884615384615 0.09615384615384616 0.14903846153846154
0 0.9675480769230769 0.34615384615384615 0.06490384615384616 0.23557692307692307
0 0.2860576923076923 0.24519230769230768 0.0889423076923077 0.15144230769230768
0 0.8629807692307693 0.3076923076923077 0.12740384615384615 0.19951923076923078
0 0.48197115384615385 0.2403846153846154 0.13701923076923078 0.2091346153846154
0 0.24158653846153846 0.13701923076923078 0.13221153846153846 0.1971153846153846
0 0.5661057692307693 0.3137019230769231 0.09375 0.1466346153846154
0 0.7740384615384616 0.37740384615384615 0.08173076923076923 0.12980769230769232
0 0.6442307692307693 0.35216346153846156 0.0673076923076923 0.11057692307692307
0 0.3401442307692308 0.29927884615384615 0.07211538461538461 0.11538461538461539
0 0.16466346153846154 0.1971153846153846 0.09375 0.13701923076923078