1 0.1658653846153846 0.40625 0.07211538461538461 0.10576923076923077
1 0.5360576923076923 0.4519230769230769 0.0625 0.11057692307692307
1 0.8389423076923077 0.5 0.06971153846153846 0.11778846153846154
1 0.6826923076923077 0.4963942307692308 0.0625 0.10576923076923077
1 0.7800480769230769 0.5204326923076923 0.04326923076923077 0.07211538461538461
1 0.6478365384615384 0.484375 0.04326923076923077 0.0889423076923077
1 0.4951923076923077 0.4579326923076923 0.052884615384615384 0.0985576923076923
1 0.3786057692307692 0.4026442307692308 0.0673076923076923 0.11298076923076923
1 0.30528846153846156 0.4206730769230769 0.04807692307692308 0.07692307692307693
1 0.3317307692307692 0.43509615384615385 0.040865384615384616 0.07451923076923077
1 0.22235576923076922 0.39783653846153844 0.04807692307692308 0.07692307692307693
1 0.046875 0.38100961538461536 0.05048076923076923 0.07451923076923077
1 0.12980769230769232 0.3954326923076923 0.04807692307692308 0.0889423076923077
1 0.6129807692307693 0.46033653846153844 0.06009615384615385 0.0985576923076923
1 0.44350961538461536 0.4483173076923077 0.03125 0.055288461538461536
1 0.41586538461538464 0.44711538461538464 0.036057692307692304 0.0625