0 0.2283653846153846 0.7319711538461539 0.10817307692307693 0.17067307692307693
0 0.7283653846153846 0.09375 0.13942307692307693 0.1875
0 0.41346153846153844 0.7524038461538461 0.10336538461538461 0.15144230769230768
0 0.15144230769230768 0.7163461538461539 0.07451923076923077 0.12740384615384615
0 0.6850961538461539 0.6899038461538461 0.08413461538461539 0.1201923076923077
0 0.27283653846153844 0.7067307692307693 0.052884615384615384 0.0985576923076923
0 0.039663461538461536 0.71875 0.04326923076923077 0.125
0 0.47836538461538464 0.7007211538461539 0.057692307692307696 0.10096153846153846
0 0.5456730769230769 0.6862980769230769 0.0673076923076923 0.11298076923076923
0 0.6141826923076923 0.703125 0.06009615384615385 0.0985576923076923
0 0.3485576923076923 0.7115384615384616 0.057692307692307696 0.08653846153846154