1 0.14903846153846154 0.6358173076923077 0.18028846153846154 0.3701923076923077
1 0.25721153846153844 0.4879807692307692 0.11057692307692307 0.25240384615384615
1 0.4411057692307692 0.5324519230769231 0.06490384615384616 0.15865384615384615
1 0.4230769230769231 0.4423076923076923 0.04567307692307692 0.08413461538461539
1 0.48197115384615385 0.4338942307692308 0.057692307692307696 0.125
1 0.5973557692307693 0.44591346153846156 0.0673076923076923 0.15625
1 0.6754807692307693 0.8197115384615384 0.28846153846153844 0.3605769230769231
1 0.7860576923076923 0.5745192307692307 0.11057692307692307 0.20192307692307693
1 0.8701923076923077 0.48677884615384615 0.10096153846153846 0.19951923076923078
1 0.7608173076923077 0.39302884615384615 0.06490384615384616 0.15625
1 0.6478365384615384 0.49158653846153844 0.11057692307692307 0.15384615384615385
1 0.6454326923076923 0.6730769230769231 0.18509615384615385 0.2692307692307692
1 0.7139423076923077 0.5036057692307693 0.06490384615384616 0.15144230769230768
1 0.6826923076923077 0.3942307692307692 0.07451923076923077 0.10096153846153846