0 0.8257211538461539 0.6177884615384616 0.11057692307692307 0.17067307692307693
0 0.16706730769230768 0.16706730769230768 0.14182692307692307 0.19951923076923078
0 0.6610576923076923 0.6923076923076923 0.10336538461538461 0.15144230769230768
0 0.8918269230769231 0.5793269230769231 0.07692307692307693 0.12740384615384615
0 0.3894230769230769 0.7163461538461539 0.08413461538461539 0.1201923076923077
0 0.7764423076923077 0.6057692307692307 0.055288461538461536 0.0985576923076923
0 0.9867788461538461 0.5444711538461539 0.026442307692307692 0.12259615384615384
0 0.5853365384615384 0.6634615384615384 0.06009615384615385 0.10096153846153846
0 0.5168269230769231 0.6706730769230769 0.06971153846153846 0.11057692307692307
0 0.4579326923076923 0.7079326923076923 0.0625 0.09615384615384616
0 0.7079326923076923 0.6358173076923077 0.057692307692307696 0.08653846153846154