1 0.8737980769230769 0.45913461538461536 0.0625 0.10576923076923077
1 0.4855769230769231 0.46634615384615385 0.055288461538461536 0.11057692307692307
1 0.16826923076923078 0.484375 0.0625 0.11778846153846154
1 0.3293269230769231 0.4963942307692308 0.052884615384615384 0.10576923076923077
1 0.22716346153846154 0.5108173076923077 0.038461538461538464 0.07211538461538461
1 0.36658653846153844 0.4879807692307692 0.036057692307692304 0.0889423076923077
1 0.5264423076923077 0.47716346153846156 0.04567307692307692 0.0985576923076923
1 0.6526442307692307 0.43509615384615385 0.06009615384615385 0.11057692307692307
1 0.7271634615384616 0.46033653846153844 0.04326923076923077 0.07692307692307693
1 0.6983173076923077 0.47115384615384615 0.036057692307692304 0.07451923076923077
1 0.8173076923076923 0.44471153846153844 0.04326923076923077 0.07692307692307693
1 0.9879807692307693 0.44711538461538464 0.02403846153846154 0.07451923076923077
1 0.9110576923076923 0.4543269230769231 0.040865384615384616 0.0889423076923077
1 0.40625 0.4675480769230769 0.052884615384615384 0.0985576923076923
1 0.5817307692307693 0.4735576923076923 0.026442307692307692 0.055288461538461536
1 0.609375 0.47475961538461536 0.03125 0.06009615384615385