1 0.9807692307692307 0.3233173076923077 0.038461538461538464 0.06490384615384616
1 0.7475961538461539 0.33653846153846156 0.04326923076923077 0.06971153846153846
1 0.13221153846153846 0.24519230769230768 0.06971153846153846 0.1346153846153846
1 0.296875 0.28966346153846156 0.057692307692307696 0.12259615384615384
1 0.2536057692307692 0.27524038461538464 0.05048076923076923 0.10817307692307693
1 0.4026442307692308 0.28365384615384615 0.06009615384615385 0.125
1 0.3605769230769231 0.28125 0.04326923076923077 0.10336538461538461
1 0.5072115384615384 0.29927884615384615 0.055288461538461536 0.10336538461538461
1 0.6887019230769231 0.34134615384615385 0.028846153846153848 0.06490384615384616
1 0.65625 0.3713942307692308 0.038461538461538464 0.06971153846153846
1 0.6550480769230769 0.30528846153846156 0.036057692307692304 0.06971153846153846
1 0.6129807692307693 0.34975961538461536 0.04326923076923077 0.08413461538461539
1 0.5649038461538461 0.3004807692307692 0.057692307692307696 0.10336538461538461
1 0.46274038461538464 0.29447115384615385 0.040865384615384616 0.09615384615384616