1 0.7800480769230769 0.3317307692307692 0.08173076923076923 0.1346153846153846
1 0.17908653846153846 0.3858173076923077 0.15625 0.2548076923076923
1 0.7019230769230769 0.4254807692307692 0.08413461538461539 0.14423076923076922
1 0.45913461538461536 0.41346153846153844 0.0673076923076923 0.12259615384615384
1 0.3894230769230769 0.4182692307692308 0.0673076923076923 0.14182692307692307
1 0.5360576923076923 0.36778846153846156 0.06971153846153846 0.14182692307692307
1 0.28365384615384615 0.4098557692307692 0.08413461538461539 0.16105769230769232
1 0.026442307692307692 0.3473557692307692 0.052884615384615384 0.10336538461538461
1 0.5649038461538461 0.39783653846153844 0.07211538461538461 0.1466346153846154
1 0.3161057692307692 0.375 0.04807692307692308 0.12259615384615384
1 0.5588942307692307 0.3942307692307692 0.09134615384615384 0.1658653846153846
1 0.3485576923076923 0.3942307692307692 0.040865384615384616 0.11778846153846154