1 0.009615384615384616 0.4254807692307692 0.019230769230769232 0.0673076923076923
1 0.2247596153846154 0.4074519230769231 0.052884615384615384 0.07451923076923077
1 0.8076923076923077 0.23557692307692307 0.08653846153846154 0.13942307692307693
1 0.9471153846153846 0.20673076923076922 0.04567307692307692 0.14903846153846154
1 0.6538461538461539 0.3016826923076923 0.07211538461538461 0.125
1 0.6935096153846154 0.28365384615384615 0.06490384615384616 0.11298076923076923
1 0.5504807692307693 0.31009615384615385 0.07451923076923077 0.12980769230769232
1 0.5913461538461539 0.3016826923076923 0.055288461538461536 0.10576923076923077
1 0.453125 0.3401442307692308 0.0673076923076923 0.10576923076923077
1 0.28125 0.40384615384615385 0.036057692307692304 0.06490384615384616
1 0.3173076923076923 0.43028846153846156 0.04567307692307692 0.07211538461538461
1 0.3112980769230769 0.36538461538461536 0.04326923076923077 0.07211538461538461
1 0.35697115384615385 0.4026442307692308 0.055288461538461536 0.08653846153846154
1 0.3954326923076923 0.3485576923076923 0.06971153846153846 0.10817307692307693
1 0.49399038461538464 0.33052884615384615 0.05048076923076923 0.0985576923076923