0 0.3605769230769231 0.3112980769230769 0.07211538461538461 0.12980769230769232
0 0.06850961538461539 0.296875 0.13701923076923078 0.21394230769230768
0 0.7536057692307693 0.28125 0.0673076923076923 0.1346153846153846
0 0.21995192307692307 0.27283653846153844 0.09615384615384616 0.17548076923076922
0 0.5757211538461539 0.2548076923076923 0.10576923076923077 0.18028846153846154
0 0.8064903846153846 0.1875 0.10336538461538461 0.17067307692307693
0 0.49038461538461536 0.3112980769230769 0.07211538461538461 0.12740384615384615
0 0.2932692307692308 0.3473557692307692 0.0625 0.11298076923076923
0 0.41466346153846156 0.33774038461538464 0.052884615384615384 0.09615384615384616
0 0.6983173076923077 0.3245192307692308 0.052884615384615384 0.10096153846153846
0 0.8701923076923077 0.25 0.07211538461538461 0.11778846153846154