1 0.019230769230769232 0.3798076923076923 0.038461538461538464 0.0673076923076923
1 0.25 0.3701923076923077 0.04807692307692308 0.07451923076923077
1 0.8473557692307693 0.2283653846153846 0.08173076923076923 0.13942307692307693
1 0.6887019230769231 0.2860576923076923 0.0673076923076923 0.125
1 0.7307692307692307 0.2692307692307692 0.06009615384615385 0.11298076923076923
1 0.5841346153846154 0.28966346153846156 0.06971153846153846 0.12980769230769232
1 0.6262019230769231 0.2824519230769231 0.05048076923076923 0.10336538461538461
1 0.484375 0.31490384615384615 0.0625 0.10576923076923077
1 0.3076923076923077 0.3701923076923077 0.03365384615384615 0.0673076923076923
1 0.34375 0.39903846153846156 0.04326923076923077 0.07211538461538461
1 0.3389423076923077 0.3317307692307692 0.040865384615384616 0.07211538461538461
1 0.38221153846153844 0.37259615384615385 0.05048076923076923 0.08653846153846154
1 0.4266826923076923 0.32091346153846156 0.06490384615384616 0.10576923076923077
1 0.5252403846153846 0.30649038461538464 0.04807692307692308 0.0985576923076923