0 0.3870192307692308 0.28966346153846156 0.08173076923076923 0.1346153846153846
0 0.09254807692307693 0.2403846153846154 0.15384615384615385 0.22115384615384615
0 0.7836538461538461 0.3076923076923077 0.07451923076923077 0.13701923076923078
0 0.25 0.234375 0.10817307692307693 0.18028846153846154
0 0.6081730769230769 0.25961538461538464 0.11538461538461539 0.18509615384615385
0 0.8473557692307693 0.22115384615384615 0.11298076923076923 0.17548076923076922
0 0.515625 0.30649038461538464 0.07692307692307693 0.13221153846153846
0 0.3161057692307692 0.3173076923076923 0.0673076923076923 0.11538461538461539
0 0.4375 0.3233173076923077 0.057692307692307696 0.0985576923076923
0 0.7223557692307693 0.3449519230769231 0.06009615384615385 0.10336538461538461
0 0.9026442307692307 0.2920673076923077 0.07932692307692307 0.12259615384615384