1 0.8413461538461539 0.6646634615384616 0.22596153846153846 0.38221153846153844
1 0.7620192307692307 0.5036057692307693 0.13942307692307693 0.25721153846153844
1 0.578125 0.515625 0.08413461538461539 0.16346153846153846
1 0.6105769230769231 0.43149038461538464 0.055288461538461536 0.08653846153846154
1 0.5564903846153846 0.41225961538461536 0.07211538461538461 0.12980769230769232
1 0.44350961538461536 0.4074519230769231 0.08653846153846154 0.15865384615384615
1 0.3004807692307692 0.7752403846153846 0.3317307692307692 0.4326923076923077
1 0.2403846153846154 0.49759615384615385 0.13221153846153846 0.2091346153846154
1 0.17427884615384615 0.40024038461538464 0.125 0.20432692307692307
1 0.028846153846153848 0.5132211538461539 0.057692307692307696 0.3389423076923077
1 0.29447115384615385 0.3269230769230769 0.08413461538461539 0.15865384615384615
1 0.3870192307692308 0.4411057692307692 0.12740384615384615 0.16346153846153846
1 0.3581730769230769 0.6165865384615384 0.21394230769230768 0.28365384615384615
1 0.32211538461538464 0.4411057692307692 0.08173076923076923 0.15625
1 0.36899038461538464 0.3401442307692308 0.08413461538461539 0.10576923076923077