1 0.7872596153846154 0.33653846153846156 0.08413461538461539 0.14182692307692307
1 0.14423076923076922 0.38341346153846156 0.16105769230769232 0.2668269230769231
1 0.7007211538461539 0.4338942307692308 0.08653846153846154 0.15144230769230768
1 0.44350961538461536 0.4182692307692308 0.06971153846153846 0.12740384615384615
1 0.36899038461538464 0.421875 0.0673076923076923 0.1466346153846154
1 0.5252403846153846 0.3713942307692308 0.07211538461538461 0.1466346153846154
1 0.25721153846153844 0.41225961538461536 0.08653846153846154 0.16826923076923078
1 0.004807692307692308 0.33774038461538464 0.009615384615384616 0.10817307692307693
1 0.5564903846153846 0.4026442307692308 0.07451923076923077 0.15625
1 0.2920673076923077 0.375 0.05048076923076923 0.12740384615384615
1 0.5504807692307693 0.39903846153846156 0.09375 0.17548076923076922
1 0.3245192307692308 0.3954326923076923 0.040865384615384616 0.125