1 0.49759615384615385 0.15144230769230768 0.09134615384615384 0.15625
1 0.38461538461538464 0.13701923076923078 0.08173076923076923 0.14182692307692307
1 0.3425480769230769 0.25240384615384615 0.10096153846153846 0.16346153846153846
1 0.6694711538461539 0.0829326923076923 0.13221153846153846 0.1658653846153846
1 0.4411057692307692 0.06610576923076923 0.0673076923076923 0.12980769230769232
1 0.7932692307692307 0.09014423076923077 0.10576923076923077 0.18028846153846154
1 0.5552884615384616 0.08052884615384616 0.0673076923076923 0.125
1 0.9459134615384616 0.020432692307692308 0.04567307692307692 0.040865384615384616
1 0.8557692307692307 0.07572115384615384 0.06490384615384616 0.14182692307692307
0 0.020432692307692308 0.19831730769230768 0.040865384615384616 0.19471153846153846
0 0.06850961538461539 0.32091346153846156 0.13701923076923078 0.23317307692307693