1 0.1622596153846154 0.48677884615384615 0.06490384615384616 0.10336538461538461
1 0.10096153846153846 0.515625 0.04567307692307692 0.07451923076923077
1 0.3076923076923077 0.4951923076923077 0.07692307692307693 0.11778846153846154
1 0.3485576923076923 0.4543269230769231 0.0625 0.09375
1 0.4675480769230769 0.4651442307692308 0.05048076923076923 0.07692307692307693
1 0.5108173076923077 0.45552884615384615 0.057692307692307696 0.09134615384615384
1 0.5528846153846154 0.4375 0.04567307692307692 0.07451923076923077
1 0.5985576923076923 0.42788461538461536 0.07692307692307693 0.11298076923076923
1 0.7223557692307693 0.40384615384615385 0.08413461538461539 0.11778846153846154
1 0.7704326923076923 0.41225961538461536 0.05048076923076923 0.07692307692307693
1 0.8401442307692307 0.39903846153846156 0.04567307692307692 0.07692307692307693
1 0.8810096153846154 0.38221153846153844 0.057692307692307696 0.09615384615384616
1 0.9483173076923077 0.38221153846153844 0.07451923076923077 0.10576923076923077
1 0.9831730769230769 0.3737980769230769 0.019230769230769232 0.07211538461538461