0 0.125 0.2848557692307692 0.06490384615384616 0.09134615384615384
0 0.28125 0.29447115384615385 0.04807692307692308 0.08653846153846154
0 0.9723557692307693 0.25961538461538464 0.036057692307692304 0.057692307692307696
0 0.9074519230769231 0.2668269230769231 0.057692307692307696 0.08173076923076923
0 0.8449519230769231 0.26802884615384615 0.03125 0.057692307692307696
0 0.8173076923076923 0.25721153846153844 0.05048076923076923 0.08173076923076923
0 0.7536057692307693 0.2776442307692308 0.05048076923076923 0.09375
0 0.6490384615384616 0.2920673076923077 0.04567307692307692 0.06009615384615385
0 0.5889423076923077 0.2776442307692308 0.04326923076923077 0.0673076923076923
0 0.5420673076923077 0.29927884615384615 0.04807692307692308 0.07211538461538461
0 0.5 0.2920673076923077 0.04807692307692308 0.07692307692307693
0 0.4675480769230769 0.28725961538461536 0.04326923076923077 0.0673076923076923
0 0.41947115384615385 0.2980769230769231 0.04807692307692308 0.07932692307692307