0 0.12139423076923077 0.3245192307692308 0.06490384615384616 0.0889423076923077
0 0.2704326923076923 0.3269230769230769 0.05048076923076923 0.08173076923076923
0 0.9723557692307693 0.27884615384615385 0.021634615384615384 0.055288461538461536
0 0.9254807692307693 0.25961538461538464 0.038461538461538464 0.057692307692307696
0 0.8641826923076923 0.2692307692307692 0.057692307692307696 0.08173076923076923
0 0.8052884615384616 0.27283653846153844 0.03125 0.055288461538461536
0 0.7788461538461539 0.26322115384615385 0.052884615384615384 0.08173076923076923
0 0.7175480769230769 0.28725961538461536 0.052884615384615384 0.09134615384615384
0 0.6189903846153846 0.30649038461538464 0.04567307692307692 0.06009615384615385
0 0.5612980769230769 0.2956730769230769 0.04567307692307692 0.06490384615384616
0 0.5180288461538461 0.3173076923076923 0.04807692307692308 0.06971153846153846
0 0.47836538461538464 0.3125 0.05048076923076923 0.07451923076923077
0 0.44711538461538464 0.31009615384615385 0.04567307692307692 0.06490384615384616
0 0.4026442307692308 0.3245192307692308 0.05048076923076923 0.07692307692307693