1 0.8137019230769231 0.3713942307692308 0.0673076923076923 0.10817307692307693
1 0.8846153846153846 0.38822115384615385 0.04807692307692308 0.07692307692307693
1 0.6682692307692307 0.41225961538461536 0.08173076923076923 0.12259615384615384
1 0.6165865384615384 0.3798076923076923 0.06490384615384616 0.0985576923076923
1 0.49759615384615385 0.41586538461538464 0.05048076923076923 0.07932692307692307
1 0.45072115384615385 0.41586538461538464 0.06009615384615385 0.09375
1 0.40384615384615385 0.40625 0.04807692307692308 0.07692307692307693
1 0.3545673076923077 0.4074519230769231 0.08173076923076923 0.11778846153846154
1 0.22235576923076922 0.4098557692307692 0.08653846153846154 0.125
1 0.17548076923076922 0.42908653846153844 0.05048076923076923 0.07932692307692307
1 0.10096153846153846 0.42908653846153844 0.04807692307692308 0.08173076923076923
1 0.055288461538461536 0.421875 0.06009615384615385 0.10096153846153846
1 0.013221153846153846 0.4338942307692308 0.026442307692307692 0.10817307692307693