0 0.8545673076923077 0.27403846153846156 0.0625 0.0889423076923077
0 0.7091346153846154 0.29927884615384615 0.04807692307692308 0.08173076923076923
0 0.01201923076923077 0.36177884615384615 0.02403846153846154 0.055288461538461536
0 0.057692307692307696 0.33533653846153844 0.036057692307692304 0.055288461538461536
0 0.11778846153846154 0.33533653846153844 0.057692307692307696 0.07932692307692307
0 0.17668269230769232 0.3293269230769231 0.03125 0.055288461538461536
0 0.20192307692307693 0.3161057692307692 0.05048076923076923 0.07932692307692307
0 0.2644230769230769 0.3293269230769231 0.05048076923076923 0.0889423076923077
0 0.3629807692307692 0.33413461538461536 0.04567307692307692 0.06009615384615385
0 0.4182692307692308 0.3137019230769231 0.04326923076923077 0.06490384615384616
0 0.4639423076923077 0.3293269230769231 0.04807692307692308 0.06971153846153846
0 0.5024038461538461 0.3173076923076923 0.04807692307692308 0.07451923076923077
0 0.5324519230769231 0.3112980769230769 0.04326923076923077 0.06490384615384616
0 0.578125 0.3161057692307692 0.04807692307692308 0.07692307692307693