1 0.8521634615384616 0.4495192307692308 0.06490384615384616 0.10817307692307693
1 0.9230769230769231 0.46875 0.04807692307692308 0.07692307692307693
1 0.703125 0.4855769230769231 0.07932692307692307 0.12259615384615384
1 0.6502403846153846 0.45072115384615385 0.06490384615384616 0.0985576923076923
1 0.5300480769230769 0.4831730769230769 0.05048076923076923 0.07932692307692307
1 0.48197115384615385 0.48197115384615385 0.057692307692307696 0.09375
1 0.43509615384615385 0.47115384615384615 0.04807692307692308 0.07692307692307693
1 0.3858173076923077 0.4699519230769231 0.07932692307692307 0.11538461538461539
1 0.25240384615384615 0.46634615384615385 0.08413461538461539 0.12259615384615384
1 0.203125 0.4855769230769231 0.05048076923076923 0.07932692307692307
1 0.12740384615384615 0.484375 0.04567307692307692 0.08173076923076923
1 0.0829326923076923 0.47475961538461536 0.057692307692307696 0.10096153846153846
1 0.02403846153846154 0.48677884615384615 0.04807692307692308 0.10817307692307693