1 0.44471153846153844 0.18990384615384615 0.09134615384615384 0.14903846153846154
1 0.5480769230769231 0.15865384615384615 0.08413461538461539 0.13701923076923078
1 0.6057692307692307 0.25961538461538464 0.0985576923076923 0.15865384615384615
1 0.2704326923076923 0.140625 0.13221153846153846 0.1875
1 0.4831730769230769 0.10216346153846154 0.06971153846153846 0.125
1 0.15625 0.171875 0.10576923076923077 0.19230769230769232
1 0.3798076923076923 0.13341346153846154 0.0673076923076923 0.1201923076923077
1 0.01201923076923077 0.109375 0.02403846153846154 0.10817307692307693
1 0.09615384615384616 0.17908653846153846 0.0673076923076923 0.13701923076923078
0 0.9254807692307693 0.15144230769230768 0.10096153846153846 0.1875
0 0.8822115384615384 0.2764423076923077 0.15625 0.22355769230769232