0 0.8846153846153846 0.33774038461538464 0.23076923076923078 0.39663461538461536
0 0.14903846153846154 0.2668269230769231 0.07451923076923077 0.12259615384615384
0 0.3245192307692308 0.2920673076923077 0.057692307692307696 0.11778846153846154
0 0.9975961538461539 0.33774038461538464 0.004807692307692308 0.0985576923076923
0 0.7319711538461539 0.35096153846153844 0.055288461538461536 0.10576923076923077
0 0.6875 0.328125 0.04326923076923077 0.07211538461538461
0 0.6526442307692307 0.3401442307692308 0.036057692307692304 0.06490384615384616
0 0.6262019230769231 0.3125 0.036057692307692304 0.07211538461538461
0 0.578125 0.32211538461538464 0.04807692307692308 0.08653846153846154
0 0.5120192307692307 0.3088942307692308 0.03125 0.057692307692307696
0 0.46033653846153844 0.3076923076923077 0.04567307692307692 0.07692307692307693
0 0.40625 0.31971153846153844 0.03125 0.052884615384615384
0 0.3629807692307692 0.3137019230769231 0.04807692307692308 0.07932692307692307
0 0.27403846153846156 0.32211538461538464 0.04326923076923077 0.06971153846153846
0 0.23557692307692307 0.3161057692307692 0.03365384615384615 0.057692307692307696
0 0.08653846153846154 0.27884615384615385 0.04567307692307692 0.07932692307692307