0 0.11778846153846154 0.3713942307692308 0.23557692307692307 0.4014423076923077
0 0.8473557692307693 0.27524038461538464 0.07932692307692307 0.125
0 0.6730769230769231 0.30528846153846156 0.0625 0.1201923076923077
0 0.26802884615384615 0.3798076923076923 0.057692307692307696 0.10576923076923077
0 0.3112980769230769 0.3545673076923077 0.04567307692307692 0.07451923076923077
0 0.34615384615384615 0.36538461538461536 0.038461538461538464 0.06490384615384616
0 0.3713942307692308 0.33774038461538464 0.038461538461538464 0.07211538461538461
0 0.4206730769230769 0.3449519230769231 0.052884615384615384 0.08653846153846154
0 0.48677884615384615 0.3293269230769231 0.03365384615384615 0.057692307692307696
0 0.5384615384615384 0.32572115384615385 0.04807692307692308 0.07692307692307693
0 0.5913461538461539 0.33653846153846156 0.03365384615384615 0.055288461538461536
0 0.6358173076923077 0.3293269230769231 0.05048076923076923 0.08173076923076923
0 0.7247596153846154 0.33413461538461536 0.04567307692307692 0.06971153846153846
0 0.7620192307692307 0.3269230769230769 0.036057692307692304 0.057692307692307696
0 0.9110576923076923 0.2848557692307692 0.04807692307692308 0.08173076923076923