1 0.46875 0.4483173076923077 0.036057692307692304 0.06490384615384616
1 0.13942307692307693 0.3786057692307692 0.06971153846153846 0.11538461538461539
1 0.08052884615384616 0.4014423076923077 0.038461538461538464 0.055288461538461536
1 0.18028846153846154 0.41466346153846156 0.040865384615384616 0.07932692307692307
1 0.28125 0.36778846153846156 0.06490384615384616 0.12259615384615384
1 0.3557692307692308 0.4579326923076923 0.05048076923076923 0.0985576923076923
1 0.3894230769230769 0.42908653846153844 0.03365384615384615 0.057692307692307696
1 0.5264423076923077 0.45552884615384615 0.036057692307692304 0.06971153846153846
1 0.5661057692307693 0.42427884615384615 0.0625 0.11298076923076923
1 0.6622596153846154 0.47475961538461536 0.04807692307692308 0.08653846153846154
1 0.7716346153846154 0.43509615384615385 0.0625 0.10576923076923077
1 0.8858173076923077 0.484375 0.0673076923076923 0.11538461538461539