1 0.01201923076923077 0.3918269230769231 0.019230769230769232 0.11057692307692307
1 0.45913461538461536 0.42427884615384615 0.07692307692307693 0.13701923076923078
1 0.2608173076923077 0.36538461538461536 0.07932692307692307 0.13701923076923078
1 0.14903846153846154 0.390625 0.08413461538461539 0.13221153846153846
1 0.09735576923076923 0.375 0.07451923076923077 0.125
1 0.1778846153846154 0.3713942307692308 0.04567307692307692 0.10336538461538461
1 0.3389423076923077 0.3713942307692308 0.08173076923076923 0.11057692307692307
1 0.3798076923076923 0.390625 0.052884615384615384 0.10817307692307693
1 0.5228365384615384 0.41225961538461536 0.06490384615384616 0.11538461538461539
1 0.59375 0.4326923076923077 0.08653846153846154 0.11538461538461539
1 0.65625 0.41466346153846156 0.06490384615384616 0.0985576923076923
1 0.7211538461538461 0.4326923076923077 0.0625 0.1201923076923077
1 0.7752403846153846 0.4639423076923077 0.06490384615384616 0.10336538461538461
1 0.8221153846153846 0.47115384615384615 0.055288461538461536 0.0889423076923077
1 0.8810096153846154 0.4579326923076923 0.06009615384615385 0.09134615384615384
1 0.9507211538461539 0.4855769230769231 0.06490384615384616 0.10817307692307693
1 0.9831730769230769 0.4891826923076923 0.03365384615384615 0.08413461538461539