0 0.17307692307692307 0.2403846153846154 0.27403846153846156 0.4230769230769231
0 0.9471153846153846 0.3425480769230769 0.08413461538461539 0.12980769230769232
0 0.7620192307692307 0.3269230769230769 0.0673076923076923 0.125
0 0.05048076923076923 0.21394230769230768 0.04326923076923077 0.10336538461538461
0 0.33413461538461536 0.2920673076923077 0.0625 0.11057692307692307
0 0.38461538461538464 0.27884615384615385 0.04807692307692308 0.07692307692307693
0 0.4182692307692308 0.2980769230769231 0.040865384615384616 0.06971153846153846
0 0.4495192307692308 0.2764423076923077 0.040865384615384616 0.07692307692307693
0 0.4963942307692308 0.2980769230769231 0.055288461538461536 0.09134615384615384
0 0.5673076923076923 0.3004807692307692 0.036057692307692304 0.06009615384615385
0 0.6201923076923077 0.31009615384615385 0.05048076923076923 0.08173076923076923
0 0.671875 0.33653846153846156 0.036057692307692304 0.057692307692307696
0 0.7175480769230769 0.3401442307692308 0.052884615384615384 0.08413461538461539
0 0.8064903846153846 0.36899038461538464 0.04807692307692308 0.07211538461538461
0 0.8461538461538461 0.37259615384615385 0.038461538461538464 0.0625
0 0.9903846153846154 0.36899038461538464 0.019230769230769232 0.08413461538461539