1 0.9747596153846154 0.3581730769230769 0.03365384615384615 0.11298076923076923
1 0.5324519230769231 0.4230769230769231 0.08413461538461539 0.13942307692307693
1 0.7235576923076923 0.34975961538461536 0.08653846153846154 0.13942307692307693
1 0.8353365384615384 0.36778846153846156 0.09134615384615384 0.1346153846153846
1 0.8858173076923077 0.3485576923076923 0.08173076923076923 0.12740384615384615
1 0.8064903846153846 0.34975961538461536 0.052884615384615384 0.10576923076923077
1 0.6466346153846154 0.3629807692307692 0.0889423076923077 0.11298076923076923
1 0.6081730769230769 0.38221153846153844 0.057692307692307696 0.10817307692307693
1 0.4699519230769231 0.41466346153846156 0.07211538461538461 0.11538461538461539
1 0.40024038461538464 0.43990384615384615 0.09375 0.1201923076923077
1 0.33774038461538464 0.4254807692307692 0.07211538461538461 0.10336538461538461
1 0.27524038461538464 0.4495192307692308 0.06971153846153846 0.12259615384615384
1 0.2247596153846154 0.4831730769230769 0.07211538461538461 0.10576923076923077
1 0.17908653846153846 0.49278846153846156 0.06009615384615385 0.09134615384615384
1 0.11899038461538461 0.484375 0.06490384615384616 0.09615384615384616
1 0.052884615384615384 0.5168269230769231 0.07211538461538461 0.11057692307692307
1 0.021634615384615384 0.5228365384615384 0.040865384615384616 0.08413461538461539