1 0.5576923076923077 0.4182692307692308 0.09134615384615384 0.1466346153846154
1 0.7704326923076923 0.4074519230769231 0.09375 0.1466346153846154
1 0.875 0.46153846153846156 0.0985576923076923 0.14182692307692307
1 0.9290865384615384 0.45913461538461536 0.0889423076923077 0.1346153846153846
1 0.8521634615384616 0.43509615384615385 0.057692307692307696 0.11057692307692307
1 0.6899038461538461 0.3954326923076923 0.09615384615384616 0.1201923076923077
1 0.6454326923076923 0.40384615384615385 0.06490384615384616 0.11538461538461539
1 0.4987980769230769 0.3894230769230769 0.07692307692307693 0.12259615384615384
1 0.4206730769230769 0.39302884615384615 0.10096153846153846 0.12740384615384615
1 0.3641826923076923 0.359375 0.07692307692307693 0.10817307692307693
1 0.29447115384615385 0.36177884615384615 0.07692307692307693 0.12740384615384615
1 0.234375 0.3786057692307692 0.07692307692307693 0.11057692307692307
1 0.18509615384615385 0.3737980769230769 0.06490384615384616 0.09615384615384616
1 0.12980769230769232 0.3473557692307692 0.06971153846153846 0.0985576923076923
1 0.055288461538461536 0.35697115384615385 0.07932692307692307 0.11778846153846154
1 0.026442307692307692 0.3545673076923077 0.03125 0.08653846153846154