1 0.4807692307692308 0.45552884615384615 0.03125 0.0625
1 0.14182692307692307 0.43149038461538464 0.0625 0.11298076923076923
1 0.08533653846153846 0.4639423076923077 0.03365384615384615 0.052884615384615384
1 0.1875 0.46153846153846156 0.036057692307692304 0.07692307692307693
1 0.2824519230769231 0.4026442307692308 0.057692307692307696 0.1201923076923077
1 0.36778846153846156 0.48197115384615385 0.04567307692307692 0.09615384615384616
1 0.39663461538461536 0.44711538461538464 0.028846153846153848 0.057692307692307696
1 0.5396634615384616 0.45552884615384615 0.03125 0.0673076923076923
1 0.5745192307692307 0.41947115384615385 0.055288461538461536 0.11057692307692307
1 0.6778846153846154 0.45552884615384615 0.04326923076923077 0.08653846153846154
1 0.7800480769230769 0.4014423076923077 0.057692307692307696 0.10336538461538461
1 0.9014423076923077 0.4326923076923077 0.06009615384615385 0.11298076923076923