1 0.5264423076923077 0.453125 0.03125 0.06490384615384616
1 0.875 0.4110576923076923 0.0625 0.11538461538461539
1 0.9338942307692307 0.4411057692307692 0.03365384615384615 0.055288461538461536
1 0.828125 0.44350961538461536 0.036057692307692304 0.07932692307692307
1 0.7271634615384616 0.38822115384615385 0.057692307692307696 0.12259615384615384
1 0.6442307692307693 0.47475961538461536 0.04567307692307692 0.0985576923076923
1 0.6117788461538461 0.43990384615384615 0.028846153846153848 0.057692307692307696
1 0.46634615384615385 0.45552884615384615 0.03125 0.06971153846153846
1 0.42908653846153844 0.4206730769230769 0.055288461538461536 0.11298076923076923
1 0.3245192307692308 0.4639423076923077 0.04326923076923077 0.08653846153846154
1 0.21634615384615385 0.41346153846153844 0.057692307692307696 0.10576923076923077
1 0.09254807692307693 0.453125 0.06009615384615385 0.11538461538461539