1 0.3449519230769231 0.5420673076923077 0.055288461538461536 0.0673076923076923
1 0.6971153846153846 0.4807692307692308 0.0673076923076923 0.09375
0 0.046875 0.5528846153846154 0.09375 0.15865384615384615
0 0.09975961538461539 0.5673076923076923 0.07692307692307693 0.11298076923076923
0 0.20552884615384615 0.49158653846153844 0.10817307692307693 0.15144230769230768
0 0.3954326923076923 0.5048076923076923 0.10096153846153846 0.13701923076923078
0 0.49399038461538464 0.4987980769230769 0.07692307692307693 0.11057692307692307
0 0.5901442307692307 0.5036057692307693 0.055288461538461536 0.08653846153846154
0 0.6538461538461539 0.5012019230769231 0.10336538461538461 0.14423076923076922
0 0.796875 0.41586538461538464 0.13701923076923078 0.18509615384615385
0 0.8990384615384616 0.453125 0.11778846153846154 0.1658653846153846
0 0.96875 0.42788461538461536 0.0625 0.09615384615384616