1 0.9591346153846154 0.359375 0.07211538461538461 0.125
1 0.39663461538461536 0.3581730769230769 0.057692307692307696 0.12740384615384615
1 0.14783653846153846 0.21995192307692307 0.1466346153846154 0.2692307692307692
1 0.71875 0.36778846153846156 0.057692307692307696 0.11057692307692307
1 0.9050480769230769 0.38461538461538464 0.052884615384615384 0.09615384615384616
1 0.859375 0.3786057692307692 0.04807692307692308 0.09615384615384616
1 0.5168269230769231 0.3918269230769231 0.052884615384615384 0.10096153846153846
1 0.6237980769230769 0.3942307692307692 0.04807692307692308 0.09615384615384616
1 0.7716346153846154 0.39903846153846156 0.04326923076923077 0.08173076923076923
1 0.453125 0.41466346153846156 0.038461538461538464 0.0673076923076923
1 0.3317307692307692 0.4026442307692308 0.04326923076923077 0.09134615384615384