1 0.6935096153846154 0.49759615384615385 0.052884615384615384 0.06971153846153846
1 0.30528846153846156 0.5252403846153846 0.06490384615384616 0.0985576923076923
0 0.9855769230769231 0.42788461538461536 0.028846153846153848 0.16346153846153846
0 0.9615384615384616 0.4567307692307692 0.07211538461538461 0.11778846153846154
0 0.8293269230769231 0.40625 0.10336538461538461 0.15865384615384615
0 0.6310096153846154 0.4699519230769231 0.09615384615384616 0.14182692307692307
0 0.5252403846153846 0.4891826923076923 0.07451923076923077 0.11538461538461539
0 0.4254807692307692 0.5192307692307693 0.05048076923076923 0.09134615384615384
0 0.35697115384615385 0.5348557692307693 0.0985576923076923 0.14903846153846154
0 0.18269230769230768 0.48197115384615385 0.13221153846153846 0.19230769230769232
0 0.08413461538461539 0.5480769230769231 0.11298076923076923 0.17307692307692307
0 0.016826923076923076 0.5396634615384616 0.03365384615384615 0.0985576923076923