1 0.0673076923076923 0.29927884615384615 0.08653846153846154 0.13221153846153846
1 0.6189903846153846 0.3762019230769231 0.07451923076923077 0.13221153846153846
1 0.8822115384615384 0.27403846153846156 0.18028846153846154 0.28365384615384615
1 0.3016826923076923 0.3425480769230769 0.07211538461538461 0.11778846153846154
1 0.11538461538461539 0.3317307692307692 0.06490384615384616 0.10336538461538461
1 0.16105769230769232 0.3317307692307692 0.057692307692307696 0.10096153846153846
1 0.4951923076923077 0.3942307692307692 0.0673076923076923 0.10576923076923077
1 0.390625 0.3798076923076923 0.057692307692307696 0.10096153846153846
1 0.24639423076923078 0.3641826923076923 0.052884615384615384 0.08653846153846154
1 0.5552884615384616 0.42427884615384615 0.04807692307692308 0.06971153846153846
1 0.6766826923076923 0.42908653846153844 0.055288461538461536 0.09615384615384616