1 0.734375 0.4855769230769231 0.05048076923076923 0.06971153846153846
1 0.33774038461538464 0.4735576923076923 0.0625 0.0985576923076923
0 0.9867788461538461 0.4723557692307692 0.026442307692307692 0.11778846153846154
0 0.8798076923076923 0.40865384615384615 0.0985576923076923 0.15865384615384615
0 0.671875 0.4519230769230769 0.09375 0.14182692307692307
0 0.5637019230769231 0.46033653846153844 0.07211538461538461 0.11538461538461539
0 0.45913461538461536 0.4807692307692308 0.05048076923076923 0.09134615384615384
0 0.38822115384615385 0.4891826923076923 0.09615384615384616 0.14903846153846154
0 0.21754807692307693 0.4170673076923077 0.12740384615384615 0.19230769230769232
0 0.11057692307692307 0.4735576923076923 0.10817307692307693 0.17307692307692307
0 0.030048076923076924 0.4579326923076923 0.06009615384615385 0.10096153846153846