1 0.4879807692307692 0.2644230769230769 0.09134615384615384 0.14182692307692307
1 0.19471153846153846 0.25721153846153844 0.0889423076923077 0.14182692307692307
1 0.29447115384615385 0.203125 0.0985576923076923 0.15144230769230768
1 0.421875 0.2764423076923077 0.0673076923076923 0.10576923076923077
1 0.3401442307692308 0.27163461538461536 0.06490384615384616 0.11298076923076923
1 0.1141826923076923 0.265625 0.057692307692307696 0.10817307692307693
1 0.6814903846153846 0.19951923076923078 0.0625 0.09134615384615384
1 0.07451923076923077 0.2536057692307692 0.05048076923076923 0.11538461538461539
1 0.04807692307692308 0.2644230769230769 0.04326923076923077 0.07692307692307693
1 0.020432692307692308 0.2608173076923077 0.03125 0.07692307692307693
1 0.2512019230769231 0.26802884615384615 0.06490384615384616 0.09134615384615384