1 0.5012019230769231 0.2704326923076923 0.08653846153846154 0.13942307692307693
1 0.20552884615384615 0.24879807692307693 0.08173076923076923 0.13942307692307693
1 0.31009615384615385 0.19831730769230768 0.09375 0.14903846153846154
1 0.4326923076923077 0.27884615384615385 0.0625 0.10576923076923077
1 0.35216346153846156 0.26802884615384615 0.057692307692307696 0.11057692307692307
1 0.125 0.2512019230769231 0.055288461538461536 0.10817307692307693
1 0.6995192307692307 0.21514423076923078 0.057692307692307696 0.09134615384615384
1 0.08413461538461539 0.23798076923076922 0.04326923076923077 0.11538461538461539
1 0.05889423076923077 0.24759615384615385 0.038461538461538464 0.07451923076923077
1 0.030048076923076924 0.24158653846153846 0.028846153846153848 0.07692307692307693
1 0.2608173076923077 0.2608173076923077 0.06009615384615385 0.09134615384615384