1 0.9675480769230769 0.3954326923076923 0.06490384615384616 0.13221153846153846
1 0.39302884615384615 0.36538461538461536 0.0673076923076923 0.1346153846153846
1 0.14302884615384615 0.2091346153846154 0.16826923076923078 0.28846153846153844
1 0.7271634615384616 0.3942307692307692 0.0673076923076923 0.1201923076923077
1 0.9194711538461539 0.4206730769230769 0.06009615384615385 0.10336538461538461
1 0.8713942307692307 0.41225961538461536 0.052884615384615384 0.10336538461538461
1 0.5168269230769231 0.40865384615384615 0.0625 0.10576923076923077
1 0.6274038461538461 0.41466346153846156 0.052884615384615384 0.10336538461538461
1 0.7788461538461539 0.42788461538461536 0.04807692307692308 0.08653846153846154
1 0.4483173076923077 0.42788461538461536 0.04326923076923077 0.07211538461538461
1 0.3233173076923077 0.40865384615384615 0.05048076923076923 0.09615384615384616