1 0.5288461538461539 0.2704326923076923 0.0985576923076923 0.14903846153846154
1 0.23677884615384615 0.19110576923076922 0.09615384615384616 0.1466346153846154
1 0.35096153846153844 0.1622596153846154 0.10576923076923077 0.15865384615384615
1 0.46033653846153844 0.265625 0.07211538461538461 0.11057692307692307
1 0.3798076923076923 0.2403846153846154 0.06971153846153846 0.11538461538461539
1 0.15504807692307693 0.17908653846153846 0.0625 0.11298076923076923
1 0.7367788461538461 0.2536057692307692 0.0673076923076923 0.09615384615384616
1 0.11778846153846154 0.15745192307692307 0.055288461538461536 0.1201923076923077
1 0.09014423076923077 0.1622596153846154 0.04567307692307692 0.07932692307692307
1 0.06370192307692307 0.15144230769230768 0.036057692307692304 0.08173076923076923
1 0.29086538461538464 0.21634615384615385 0.06971153846153846 0.09615384615384616