0 0.8713942307692307 0.4951923076923077 0.0673076923076923 0.09375
0 0.22596153846153846 0.5024038461538461 0.06009615384615385 0.09375
0 0.59375 0.5204326923076923 0.0625 0.09375
0 0.4170673076923077 0.5048076923076923 0.0625 0.09134615384615384
0 0.042067307692307696 0.5108173076923077 0.052884615384615384 0.07932692307692307
0 0.18509615384615385 0.5084134615384616 0.038461538461538464 0.07451923076923077
0 0.33533653846153844 0.484375 0.04567307692307692 0.07932692307692307
0 0.375 0.47115384615384615 0.04807692307692308 0.07932692307692307
0 0.5132211538461539 0.5204326923076923 0.055288461538461536 0.07932692307692307
0 0.5516826923076923 0.5 0.040865384615384616 0.07451923076923077
0 0.6634615384615384 0.4891826923076923 0.052884615384615384 0.07451923076923077
0 0.7415865384615384 0.49759615384615385 0.057692307692307696 0.09134615384615384