1 0.9771634615384616 0.6237980769230769 0.036057692307692304 0.07451923076923077
1 0.9242788461538461 0.6201923076923077 0.04807692307692308 0.07211538461538461
1 0.8545673076923077 0.6983173076923077 0.057692307692307696 0.08173076923076923
1 0.49759615384615385 0.5576923076923077 0.055288461538461536 0.09134615384615384
1 0.5901442307692307 0.6310096153846154 0.04326923076923077 0.07211538461538461
1 0.7367788461538461 0.6069711538461539 0.040865384615384616 0.0625
1 0.8052884615384616 0.6454326923076923 0.040865384615384616 0.07451923076923077
1 0.10336538461538461 0.6610576923076923 0.04807692307692308 0.07211538461538461
1 0.05048076923076923 0.41466346153846156 0.04326923076923077 0.0673076923076923
1 0.1622596153846154 0.45552884615384615 0.05048076923076923 0.07211538461538461
1 0.2512019230769231 0.5072115384615384 0.04567307692307692 0.07451923076923077
1 0.38822115384615385 0.5360576923076923 0.0625 0.0889423076923077
1 0.4254807692307692 0.5432692307692307 0.04807692307692308 0.08173076923076923
1 0.8329326923076923 0.5973557692307693 0.038461538461538464 0.0673076923076923
1 0.7860576923076923 0.5889423076923077 0.040865384615384616 0.06490384615384616
1 0.7644230769230769 0.6069711538461539 0.04326923076923077 0.07211538461538461
0 0.5492788461538461 0.6310096153846154 0.038461538461538464 0.06490384615384616
0 0.32211538461538464 0.5060096153846154 0.052884615384615384 0.07932692307692307