0 0.1310096153846154 0.5721153846153846 0.07692307692307693 0.10096153846153846
0 0.7680288461538461 0.44350961538461536 0.06971153846153846 0.0985576923076923
0 0.40865384615384615 0.5384615384615384 0.07211538461538461 0.0985576923076923
0 0.5805288461538461 0.4855769230769231 0.07211538461538461 0.09615384615384616
0 0.9507211538461539 0.41346153846153844 0.06009615384615385 0.08413461538461539
0 0.8112980769230769 0.4411057692307692 0.04567307692307692 0.07692307692307693
0 0.65625 0.4495192307692308 0.052884615384615384 0.08413461538461539
0 0.6153846153846154 0.44471153846153844 0.055288461538461536 0.08413461538461539
0 0.4891826923076923 0.5228365384615384 0.06490384615384616 0.08653846153846154
0 0.44711538461538464 0.5096153846153846 0.04807692307692308 0.07692307692307693
0 0.33413461538461536 0.5228365384615384 0.057692307692307696 0.07932692307692307
0 0.25961538461538464 0.5480769230769231 0.0673076923076923 0.09615384615384616