0 0.0985576923076923 0.59375 0.08653846153846154 0.10817307692307693
0 0.18269230769230768 0.7451923076923077 0.12980769230769232 0.1875
0 0.32211538461538464 0.6574519230769231 0.07932692307692307 0.09615384615384616
0 0.4879807692307692 0.6646634615384616 0.07211538461538461 0.0889423076923077
0 0.5336538461538461 0.8257211538461539 0.09375 0.11778846153846154
0 0.7920673076923077 0.7860576923076923 0.11778846153846154 0.15625
0 0.9423076923076923 0.828125 0.0625 0.125
0 0.9651442307692307 0.7007211538461539 0.040865384615384616 0.07451923076923077
0 0.8689903846153846 0.6862980769230769 0.057692307692307696 0.07211538461538461
0 0.6610576923076923 0.6850961538461539 0.057692307692307696 0.08413461538461539
0 0.5841346153846154 0.6658653846153846 0.06009615384615385 0.08413461538461539
0 0.7944711538461539 0.6814903846153846 0.055288461538461536 0.06490384615384616