1 0.17548076923076922 0.7283653846153846 0.07932692307692307 0.08413461538461539
1 0.18870192307692307 0.5901442307692307 0.052884615384615384 0.04807692307692308
0 0.9254807692307693 0.5036057692307693 0.055288461538461536 0.0625
0 0.7668269230769231 0.5841346153846154 0.07932692307692307 0.0673076923076923
0 0.8521634615384616 0.5216346153846154 0.06490384615384616 0.05048076923076923
0 0.8894230769230769 0.5360576923076923 0.04567307692307692 0.04326923076923077
0 0.06009615384615385 0.6177884615384616 0.038461538461538464 0.038461538461538464
0 0.07451923076923077 0.6514423076923077 0.04807692307692308 0.04807692307692308
0 0.2644230769230769 0.6418269230769231 0.055288461538461536 0.057692307692307696
0 0.27163461538461536 0.5769230769230769 0.040865384615384616 0.040865384615384616
0 0.6646634615384616 0.6466346153846154 0.08173076923076923 0.06971153846153846
0 0.5793269230769231 0.5949519230769231 0.0625 0.0625
0 0.6310096153846154 0.5637019230769231 0.052884615384615384 0.055288461538461536
0 0.47596153846153844 0.5853365384615384 0.04567307692307692 0.036057692307692304
0 0.4206730769230769 0.6117788461538461 0.052884615384615384 0.040865384615384616
0 0.36778846153846156 0.6298076923076923 0.04567307692307692 0.055288461538461536
0 0.4963942307692308 0.6802884615384616 0.06971153846153846 0.0625
0 0.3137019230769231 0.6274038461538461 0.04807692307692308 0.052884615384615384
0 0.4362980769230769 0.5661057692307693 0.03365384615384615 0.036057692307692304