1 0.9951923076923077 0.5901442307692307 0.009615384615384616 0.06971153846153846
1 0.9519230769230769 0.6766826923076923 0.052884615384615384 0.08173076923076923
1 0.5745192307692307 0.578125 0.05048076923076923 0.09134615384615384
1 0.6778846153846154 0.6418269230769231 0.040865384615384616 0.07211538461538461
1 0.8233173076923077 0.5985576923076923 0.036057692307692304 0.06009615384615385
1 0.8966346153846154 0.6286057692307693 0.038461538461538464 0.07451923076923077
1 0.1935096153846154 0.7307692307692307 0.04807692307692308 0.07211538461538461
1 0.109375 0.49038461538461536 0.038461538461538464 0.0673076923076923
1 0.22596153846153846 0.5180288461538461 0.04807692307692308 0.07211538461538461
1 0.32211538461538464 0.5588942307692307 0.04326923076923077 0.07451923076923077
1 0.4639423076923077 0.5709134615384616 0.057692307692307696 0.0889423076923077
1 0.5012019230769231 0.5733173076923077 0.04567307692307692 0.08173076923076923
1 0.9170673076923077 0.578125 0.03365384615384615 0.0673076923076923
1 0.8701923076923077 0.5745192307692307 0.036057692307692304 0.0625
1 0.8509615384615384 0.5961538461538461 0.040865384615384616 0.07211538461538461
0 0.6358173076923077 0.6454326923076923 0.03365384615384615 0.0625
0 0.3918269230769231 0.5480769230769231 0.04807692307692308 0.07692307692307693