1 0.36538461538461536 0.16826923076923078 0.20192307692307693 0.27163461538461536
1 0.484375 0.41346153846153844 0.10576923076923077 0.15625
1 0.1658653846153846 0.4543269230769231 0.10336538461538461 0.18028846153846154
1 0.016826923076923076 0.390625 0.03365384615384615 0.14182692307692307
1 0.5588942307692307 0.41346153846153844 0.07451923076923077 0.10576923076923077
1 0.47115384615384615 0.2824519230769231 0.040865384615384616 0.06490384615384616
1 0.5853365384615384 0.3737980769230769 0.052884615384615384 0.0673076923076923
1 0.7127403846153846 0.33653846153846156 0.040865384615384616 0.0625
1 0.8149038461538461 0.25 0.03365384615384615 0.055288461538461536
1 0.6646634615384616 0.31490384615384615 0.040865384615384616 0.057692307692307696
1 0.7127403846153846 0.2764423076923077 0.03365384615384615 0.057692307692307696
1 0.5673076923076923 0.2704326923076923 0.04326923076923077 0.0625
1 0.6814903846153846 0.2548076923076923 0.03365384615384615 0.06009615384615385