0 0.0625 0.5733173076923077 0.08173076923076923 0.11057692307692307
0 0.7680288461538461 0.44471153846153844 0.07692307692307693 0.10817307692307693
0 0.3701923076923077 0.5420673076923077 0.07932692307692307 0.10817307692307693
0 0.5600961538461539 0.48677884615384615 0.07692307692307693 0.10576923076923077
0 0.96875 0.41466346153846156 0.06009615384615385 0.09134615384615384
0 0.8137019230769231 0.4423076923076923 0.04807692307692308 0.08413461538461539
0 0.6442307692307693 0.4483173076923077 0.057692307692307696 0.09134615384615384
0 0.5997596153846154 0.4423076923076923 0.06009615384615385 0.09375
0 0.45913461538461536 0.5252403846153846 0.06971153846153846 0.09375
0 0.41225961538461536 0.5108173076923077 0.05048076923076923 0.08413461538461539
0 0.28846153846153844 0.5228365384615384 0.0625 0.08653846153846154
0 0.20432692307692307 0.5492788461538461 0.07211538461538461 0.10576923076923077