1 0.006009615384615385 0.5264423076923077 0.01201923076923077 0.07211538461538461
1 0.04927884615384615 0.5324519230769231 0.04567307692307692 0.06971153846153846
1 0.1045673076923077 0.6177884615384616 0.052884615384615384 0.07932692307692307
1 0.4735576923076923 0.5288461538461539 0.05048076923076923 0.0889423076923077
1 0.37259615384615385 0.5889423076923077 0.038461538461538464 0.06971153846153846
1 0.23317307692307693 0.5432692307692307 0.036057692307692304 0.06009615384615385
1 0.15985576923076922 0.5721153846153846 0.038461538461538464 0.07211538461538461
1 0.8413461538461539 0.6826923076923077 0.04567307692307692 0.06971153846153846
1 0.9278846153846154 0.4519230769230769 0.038461538461538464 0.06490384615384616
1 0.8125 0.47716346153846156 0.04807692307692308 0.06971153846153846
1 0.7199519230769231 0.515625 0.04326923076923077 0.07211538461538461
1 0.5805288461538461 0.5240384615384616 0.057692307692307696 0.08653846153846154
1 0.5444711538461539 0.5252403846153846 0.04567307692307692 0.07932692307692307
1 0.140625 0.5228365384615384 0.036057692307692304 0.06490384615384616
1 0.18629807692307693 0.5204326923076923 0.036057692307692304 0.0625
1 0.20552884615384615 0.5408653846153846 0.038461538461538464 0.06971153846153846
0 0.41346153846153844 0.5925480769230769 0.036057692307692304 0.0625
0 0.6502403846153846 0.5036057692307693 0.04807692307692308 0.07451923076923077