0 0.9194711538461539 0.6033653846153846 0.09615384615384616 0.11538461538461539
0 0.8377403846153846 0.7680288461538461 0.1466346153846154 0.20192307692307693
0 0.6862980769230769 0.6838942307692307 0.08653846153846154 0.10336538461538461
0 0.5120192307692307 0.6995192307692307 0.07932692307692307 0.09375
0 0.4723557692307692 0.8725961538461539 0.10336538461538461 0.12740384615384615
0 0.19831730769230768 0.8449519230769231 0.13221153846153846 0.16826923076923078
0 0.0625 0.8942307692307693 0.03125 0.12740384615384615
0 0.11057692307692307 0.7451923076923077 0.0625 0.07932692307692307
0 0.33052884615384615 0.7307692307692307 0.06490384615384616 0.0889423076923077
0 0.4110576923076923 0.7067307692307693 0.06971153846153846 0.0889423076923077
0 0.19110576923076922 0.7367788461538461 0.06009615384615385 0.06971153846153846