1 0.16105769230769232 0.7716346153846154 0.08653846153846154 0.09134615384615384
1 0.1622596153846154 0.6286057692307693 0.057692307692307696 0.052884615384615384
0 0.9206730769230769 0.47115384615384615 0.0625 0.0673076923076923
0 0.7632211538461539 0.5685096153846154 0.08653846153846154 0.07211538461538461
0 0.8461538461538461 0.4963942307692308 0.06971153846153846 0.057692307692307696
0 0.8858173076923077 0.5084134615384616 0.05048076923076923 0.04807692307692308
0 0.03125 0.6670673076923077 0.04326923076923077 0.04326923076923077
0 0.04927884615384615 0.7019230769230769 0.052884615384615384 0.05048076923076923
0 0.24639423076923078 0.6742788461538461 0.0625 0.0625
0 0.24759615384615385 0.6069711538461539 0.04567307692307692 0.04567307692307692
0 0.6622596153846154 0.6442307692307693 0.0889423076923077 0.07451923076923077
0 0.5685096153846154 0.5973557692307693 0.06971153846153846 0.06971153846153846
0 0.6213942307692307 0.5600961538461539 0.057692307692307696 0.06009615384615385
0 0.46033653846153844 0.5949519230769231 0.05048076923076923 0.040865384615384616
0 0.40625 0.6298076923076923 0.057692307692307696 0.04567307692307692
0 0.35336538461538464 0.6526442307692307 0.05048076923076923 0.06009615384615385
0 0.49038461538461536 0.6935096153846154 0.07451923076923077 0.0673076923076923
0 0.296875 0.65625 0.052884615384615384 0.057692307692307696
0 0.4182692307692308 0.5805288461538461 0.036057692307692304 0.038461538461538464