1 0.5661057692307693 0.13341346153846154 0.1778846153846154 0.25961538461538464
1 0.4963942307692308 0.4014423076923077 0.09134615384615384 0.15144230769230768
1 0.8233173076923077 0.38100961538461536 0.08413461538461539 0.17548076923076922
1 0.9723557692307693 0.28365384615384615 0.04567307692307692 0.14182692307692307
1 0.4230769230769231 0.41586538461538464 0.0625 0.10096153846153846
1 0.4831730769230769 0.26802884615384615 0.03365384615384615 0.0625
1 0.3870192307692308 0.3798076923076923 0.04807692307692308 0.0625
1 0.2536057692307692 0.36778846153846156 0.03365384615384615 0.06009615384615385
1 0.1346153846153846 0.3016826923076923 0.028846153846153848 0.052884615384615384
1 0.296875 0.33774038461538464 0.03365384615384615 0.055288461538461536
1 0.24158653846153846 0.3076923076923077 0.028846153846153848 0.055288461538461536
1 0.3858173076923077 0.27403846153846156 0.036057692307692304 0.06009615384615385
1 0.2692307692307692 0.28125 0.026442307692307692 0.06009615384615385