1 0.5540865384615384 0.125 0.18990384615384615 0.25
1 0.45913461538461536 0.3954326923076923 0.0985576923076923 0.16346153846153846
1 0.8125 0.39783653846153844 0.09375 0.18990384615384615
1 0.9783653846153846 0.30408653846153844 0.04326923076923077 0.15144230769230768
1 0.3786057692307692 0.4050480769230769 0.0673076923076923 0.10817307692307693
1 0.45552884615384615 0.25240384615384615 0.036057692307692304 0.0673076923076923
1 0.34375 0.3641826923076923 0.05048076923076923 0.0673076923076923
1 0.19951923076923078 0.34134615384615385 0.036057692307692304 0.06490384615384616
1 0.078125 0.2608173076923077 0.03125 0.057692307692307696
1 0.24879807692307693 0.3112980769230769 0.036057692307692304 0.06009615384615385
1 0.19230769230769232 0.2764423076923077 0.03125 0.06009615384615385
1 0.34975961538461536 0.25 0.038461538461538464 0.06490384615384616
1 0.22355769230769232 0.24879807692307693 0.028846153846153848 0.06490384615384616