1 0.8665865384615384 0.6826923076923077 0.09134615384615384 0.09615384615384616
1 0.8389423076923077 0.5372596153846154 0.06009615384615385 0.055288461538461536
0 0.046875 0.5120192307692307 0.06490384615384616 0.06971153846153846
0 0.22355769230769232 0.5829326923076923 0.09134615384615384 0.07692307692307693
0 0.125 0.5252403846153846 0.07451923076923077 0.06009615384615385
0 0.08774038461538461 0.5444711538461539 0.052884615384615384 0.05048076923076923
0 0.9771634615384616 0.5540865384615384 0.04567307692307692 0.04567307692307692
0 0.9663461538461539 0.5913461538461539 0.055288461538461536 0.055288461538461536
0 0.7632211538461539 0.5985576923076923 0.06490384615384616 0.06490384615384616
0 0.75 0.5300480769230769 0.04807692307692308 0.04807692307692308
0 0.3389423076923077 0.6430288461538461 0.09375 0.07932692307692307
0 0.4254807692307692 0.5793269230769231 0.07211538461538461 0.07451923076923077
0 0.36538461538461536 0.5504807692307693 0.06009615384615385 0.06490384615384616
0 0.5324519230769231 0.5564903846153846 0.052884615384615384 0.04326923076923077
0 0.59375 0.5817307692307693 0.06009615384615385 0.04807692307692308
0 0.6514423076923077 0.5961538461538461 0.052884615384615384 0.0625
0 0.5192307692307693 0.6610576923076923 0.07932692307692307 0.07211538461538461
0 0.7091346153846154 0.5889423076923077 0.055288461538461536 0.0625
0 0.5733173076923077 0.5348557692307693 0.038461538461538464 0.040865384615384616