1 0.578125 0.2980769230769231 0.0673076923076923 0.13942307692307693
1 0.4206730769230769 0.3389423076923077 0.057692307692307696 0.12259615384615384
1 0.3016826923076923 0.3317307692307692 0.052884615384615384 0.12740384615384615
1 0.8221153846153846 0.34375 0.057692307692307696 0.1346153846153846
1 0.47836538461538464 0.328125 0.06009615384615385 0.1201923076923077
1 0.7079326923076923 0.36538461538461536 0.0625 0.14423076923076922
1 0.8978365384615384 0.3473557692307692 0.11057692307692307 0.22596153846153846
1 0.1310096153846154 0.3581730769230769 0.057692307692307696 0.12259615384615384
1 0.07091346153846154 0.32091346153846156 0.06009615384615385 0.11298076923076923
1 0.22596153846153846 0.3245192307692308 0.052884615384615384 0.10336538461538461
1 0.6646634615384616 0.36778846153846156 0.04567307692307692 0.11057692307692307
1 0.7692307692307693 0.36899038461538464 0.038461538461538464 0.08413461538461539
1 0.33413461538461536 0.359375 0.038461538461538464 0.09615384615384616
0 0.9723557692307693 0.36778846153846156 0.052884615384615384 0.12980769230769232
1 0.6189903846153846 0.3485576923076923 0.040865384615384616 0.09615384615384616
1 0.38461538461538464 0.34615384615384615 0.038461538461538464 0.09134615384615384