1 0.4639423076923077 0.2848557692307692 0.08173076923076923 0.14423076923076922
1 0.609375 0.34975961538461536 0.06971153846153846 0.12740384615384615
1 0.7271634615384616 0.36538461538461536 0.06490384615384616 0.12980769230769232
1 0.21754807692307693 0.28725961538461536 0.06971153846153846 0.13701923076923078
1 0.5552884615384616 0.33052884615384615 0.06971153846153846 0.12259615384615384
1 0.32572115384615385 0.3269230769230769 0.07451923076923077 0.1466346153846154
1 0.14423076923076922 0.27884615384615385 0.12980769230769232 0.23076923076923078
1 0.8870192307692307 0.41947115384615385 0.06971153846153846 0.12740384615384615
1 0.953125 0.3942307692307692 0.06971153846153846 0.11778846153846154
1 0.8016826923076923 0.3713942307692308 0.06490384615384616 0.10576923076923077
1 0.36778846153846156 0.33653846153846156 0.055288461538461536 0.11057692307692307
1 0.265625 0.31971153846153844 0.04567307692307692 0.08653846153846154
1 0.6911057692307693 0.3858173076923077 0.04807692307692308 0.0985576923076923
0 0.06850961538461539 0.28365384615384615 0.06490384615384616 0.13221153846153846
1 0.41346153846153844 0.3269230769230769 0.05048076923076923 0.0985576923076923
1 0.6430288461538461 0.3629807692307692 0.04807692307692308 0.09375