0 0.25 0.4519230769230769 0.11057692307692307 0.17548076923076922
0 0.953125 0.328125 0.08413461538461539 0.21875
0 0.1201923076923077 0.5012019230769231 0.14182692307692307 0.22115384615384615
0 0.9314903846153846 0.20192307692307693 0.06490384615384616 0.12259615384615384
0 0.7884615384615384 0.23197115384615385 0.08653846153846154 0.13221153846153846
0 0.06850961538461539 0.5925480769230769 0.13701923076923078 0.23317307692307693
0 0.6995192307692307 0.36899038461538464 0.125 0.1778846153846154
0 0.5745192307692307 0.29086538461538464 0.08173076923076923 0.125
0 0.8185096153846154 0.37740384615384615 0.12740384615384615 0.18990384615384615
0 0.7127403846153846 0.24879807692307693 0.0625 0.09615384615384616
0 0.65625 0.3016826923076923 0.07451923076923077 0.1201923076923077
0 0.1201923076923077 0.3798076923076923 0.07451923076923077 0.0985576923076923
0 0.6081730769230769 0.25600961538461536 0.05048076923076923 0.07932692307692307