1 0.5649038461538461 0.2860576923076923 0.07211538461538461 0.15144230769230768
1 0.3954326923076923 0.3389423076923077 0.06009615384615385 0.1346153846153846
1 0.26322115384615385 0.3389423076923077 0.055288461538461536 0.13701923076923078
1 0.8353365384615384 0.32211538461538464 0.06009615384615385 0.14423076923076922
1 0.4579326923076923 0.32572115384615385 0.0625 0.12980769230769232
1 0.7115384615384616 0.35216346153846156 0.06490384615384616 0.15625
1 0.9182692307692307 0.32211538461538464 0.11538461538461539 0.24519230769230768
1 0.078125 0.37740384615384615 0.06009615384615385 0.1346153846153846
1 0.020432692307692308 0.3401442307692308 0.040865384615384616 0.12259615384615384
1 0.18028846153846154 0.33533653846153844 0.057692307692307696 0.11057692307692307
1 0.6646634615384616 0.35697115384615385 0.04807692307692308 0.1201923076923077
1 0.7800480769230769 0.35216346153846156 0.040865384615384616 0.09375
1 0.3016826923076923 0.36658653846153844 0.040865384615384616 0.10336538461538461
0 0.9867788461538461 0.3401442307692308 0.02403846153846154 0.14182692307692307
1 0.6153846153846154 0.33774038461538464 0.04326923076923077 0.10336538461538461
1 0.35697115384615385 0.3485576923076923 0.040865384615384616 0.10096153846153846