0 0.25600961538461536 0.41586538461538464 0.10817307692307693 0.17307692307692307
0 0.9579326923076923 0.53125 0.08413461538461539 0.22115384615384615
0 0.1201923076923077 0.4230769230769231 0.13701923076923078 0.21634615384615385
0 0.9735576923076923 0.40625 0.052884615384615384 0.125
0 0.8317307692307693 0.38461538461538464 0.08413461538461539 0.12980769230769232
0 0.054086538461538464 0.49158653846153844 0.10817307692307693 0.2283653846153846
0 0.7043269230769231 0.484375 0.12259615384615384 0.17548076923076922
0 0.6117788461538461 0.3701923076923077 0.08173076923076923 0.125
0 0.8137019230769231 0.5324519230769231 0.12259615384615384 0.1875
0 0.7560096153846154 0.3762019230769231 0.06009615384615385 0.09375
0 0.6862980769230769 0.4074519230769231 0.06971153846153846 0.11778846153846154
0 0.15745192307692307 0.31009615384615385 0.07211538461538461 0.09615384615384616
0 0.6550480769230769 0.35096153846153844 0.04807692307692308 0.07932692307692307