0 0.19831730769230768 0.43990384615384615 0.10096153846153846 0.17067307692307693
0 0.9350961538461539 0.5192307692307693 0.12980769230769232 0.22596153846153846
0 0.0625 0.453125 0.125 0.21394230769230768
0 0.9362980769230769 0.3918269230769231 0.08173076923076923 0.12259615384615384
0 0.7764423076923077 0.37740384615384615 0.07932692307692307 0.12980769230769232
0 0.02283653846153846 0.5288461538461539 0.04567307692307692 0.22115384615384615
0 0.6538461538461539 0.4855769230769231 0.11538461538461539 0.17307692307692307
0 0.5540865384615384 0.375 0.07451923076923077 0.12259615384615384
0 0.765625 0.5276442307692307 0.11538461538461539 0.18509615384615385
0 0.6995192307692307 0.3737980769230769 0.057692307692307696 0.09375
0 0.6298076923076923 0.4098557692307692 0.0673076923076923 0.11778846153846154
0 0.09254807692307693 0.33774038461538464 0.0673076923076923 0.09375
0 0.5961538461538461 0.35336538461538464 0.04567307692307692 0.07692307692307693