1 0.24639423076923078 0.8858173076923077 0.11538461538461539 0.15865384615384615
1 0.05889423076923077 0.7175480769230769 0.11778846153846154 0.15625
1 0.5985576923076923 0.9627403846153846 0.10096153846153846 0.07451923076923077
1 0.4338942307692308 0.42908653846153844 0.08653846153846154 0.11778846153846154
1 0.7199519230769231 0.6117788461538461 0.0889423076923077 0.11778846153846154
1 0.8834134615384616 0.20793269230769232 0.07451923076923077 0.10576923076923077
1 0.8293269230769231 0.8076923076923077 0.09615384615384616 0.10817307692307693
1 0.6598557692307693 0.5552884615384616 0.06490384615384616 0.10576923076923077
1 0.4170673076923077 0.34615384615384615 0.07451923076923077 0.0985576923076923
1 0.3076923076923077 0.40625 0.08413461538461539 0.10576923076923077
1 0.5673076923076923 0.5673076923076923 0.0673076923076923 0.10576923076923077
1 0.7608173076923077 0.9663461538461539 0.10817307692307693 0.0673076923076923
1 0.9230769230769231 0.9158653846153846 0.10576923076923077 0.11538461538461539
1 0.9879807692307693 0.15144230769230768 0.02403846153846154 0.11057692307692307
1 0.9747596153846154 0.042067307692307696 0.05048076923076923 0.021634615384615384