1 0.8221153846153846 0.4495192307692308 0.07692307692307693 0.0985576923076923
1 0.10576923076923077 0.43509615384615385 0.052884615384615384 0.08173076923076923
0 0.0625 0.4338942307692308 0.06009615384615385 0.0889423076923077
1 0.10817307692307693 0.3701923076923077 0.04326923076923077 0.06971153846153846
1 0.18629807692307693 0.4254807692307692 0.036057692307692304 0.07211538461538461
0 0.21875 0.4254807692307692 0.05048076923076923 0.07211538461538461
0 0.7235576923076923 0.4387019230769231 0.055288461538461536 0.07451923076923077
0 0.6201923076923077 0.4891826923076923 0.04326923076923077 0.055288461538461536
0 0.5925480769230769 0.4675480769230769 0.036057692307692304 0.06490384615384616
0 0.5661057692307693 0.4567307692307692 0.04326923076923077 0.07692307692307693
1 0.5096153846153846 0.44471153846153844 0.038461538461538464 0.07932692307692307
0 0.47836538461538464 0.43509615384615385 0.04807692307692308 0.08413461538461539
0 0.36658653846153844 0.4543269230769231 0.06009615384615385 0.09375
0 0.43028846153846156 0.44591346153846156 0.04326923076923077 0.08173076923076923
0 0.3401442307692308 0.4326923076923077 0.04326923076923077 0.08173076923076923