1 0.9831730769230769 0.47596153846153844 0.03365384615384615 0.25
1 0.9483173076923077 0.49278846153846156 0.10336538461538461 0.23557692307692307
1 0.8473557692307693 0.4579326923076923 0.15865384615384615 0.2860576923076923
1 0.6983173076923077 0.42908653846153844 0.13942307692307693 0.2692307692307692
1 0.7487980769230769 0.33413461538461536 0.12259615384615384 0.25240384615384615
1 0.5264423076923077 0.35096153846153844 0.12259615384615384 0.2403846153846154
1 0.5697115384615384 0.2932692307692308 0.0985576923076923 0.17067307692307693
1 0.3762019230769231 0.38822115384615385 0.13221153846153846 0.25721153846153844
1 0.27163461538461536 0.234375 0.1658653846153846 0.30288461538461536
1 0.41586538461538464 0.2283653846153846 0.1201923076923077 0.18269230769230768
1 0.12860576923076922 0.31971153846153844 0.11057692307692307 0.17307692307692307
1 0.0673076923076923 0.19951923076923078 0.10336538461538461 0.31490384615384615
0 0.5588942307692307 0.45552884615384615 0.12740384615384615 0.21634615384615385