0 0.6370192307692307 0.3401442307692308 0.06009615384615385 0.10576923076923077
0 0.31490384615384615 0.359375 0.06490384615384616 0.10336538461538461
0 0.16947115384615385 0.3641826923076923 0.06490384615384616 0.09615384615384616
0 0.765625 0.34134615384615385 0.06490384615384616 0.08413461538461539
0 0.5348557692307693 0.3557692307692308 0.04567307692307692 0.08173076923076923
0 0.4723557692307692 0.3161057692307692 0.06490384615384616 0.10336538461538461
0 0.39783653846153844 0.3401442307692308 0.05048076923076923 0.08653846153846154
0 0.22115384615384615 0.3701923076923077 0.038461538461538464 0.07451923076923077
0 0.12740384615384615 0.3798076923076923 0.036057692307692304 0.07451923076923077
0 0.05889423076923077 0.37740384615384615 0.05048076923076923 0.0889423076923077
0 0.018028846153846152 0.4026442307692308 0.036057692307692304 0.10817307692307693