0 0.7716346153846154 0.36177884615384615 0.06971153846153846 0.09134615384615384
0 0.578125 0.41225961538461536 0.04567307692307692 0.057692307692307696
0 0.49759615384615385 0.4182692307692308 0.04326923076923077 0.057692307692307696
0 0.4230769230769231 0.4326923076923077 0.04807692307692308 0.06490384615384616
0 0.3137019230769231 0.4423076923076923 0.04567307692307692 0.06009615384615385
0 0.26802884615384615 0.4579326923076923 0.04326923076923077 0.057692307692307696
0 0.23557692307692307 0.46634615384615385 0.04326923076923077 0.05048076923076923
0 0.16466346153846154 0.4639423076923077 0.05048076923076923 0.07211538461538461
0 0.10697115384615384 0.44350961538461536 0.04326923076923077 0.05048076923076923
0 0.10576923076923077 0.47836538461538464 0.057692307692307696 0.06971153846153846
0 0.05048076923076923 0.45072115384615385 0.04326923076923077 0.0625
0 0.030048076923076924 0.4735576923076923 0.036057692307692304 0.052884615384615384