1 0.7788461538461539 0.3245192307692308 0.08653846153846154 0.12980769230769232
1 0.9627403846153846 0.34375 0.06009615384615385 0.11298076923076923
1 0.44471153846153844 0.39903846153846156 0.06971153846153846 0.0889423076923077
1 0.8942307692307693 0.35216346153846156 0.05048076923076923 0.07692307692307693
1 0.7307692307692307 0.37259615384615385 0.057692307692307696 0.08653846153846154
1 0.6598557692307693 0.390625 0.038461538461538464 0.06490384615384616
0 0.6189903846153846 0.38341346153846156 0.055288461538461536 0.07692307692307693
1 0.4963942307692308 0.36177884615384615 0.05048076923076923 0.08413461538461539
1 0.390625 0.38221153846153844 0.04567307692307692 0.09134615384615384
1 0.3137019230769231 0.38822115384615385 0.055288461538461536 0.0985576923076923
1 0.25600961538461536 0.3954326923076923 0.055288461538461536 0.09134615384615384