1 0.6875 0.8894230769230769 0.11778846153846154 0.15384615384615385
1 0.890625 0.7800480769230769 0.1201923076923077 0.14903846153846154
1 0.35216346153846156 0.9158653846153846 0.10576923076923077 0.1346153846153846
1 0.6153846153846154 0.44591346153846156 0.0889423076923077 0.11298076923076923
1 0.3233173076923077 0.5492788461538461 0.0889423076923077 0.11298076923076923
1 0.25961538461538464 0.15625 0.07692307692307693 0.10096153846153846
1 0.18629807692307693 0.7007211538461539 0.09375 0.10576923076923077
1 0.3870192307692308 0.5108173076923077 0.0673076923076923 0.0985576923076923
1 0.6478365384615384 0.3762019230769231 0.07451923076923077 0.09615384615384616
1 0.7319711538461539 0.4519230769230769 0.08413461538461539 0.10096153846153846
1 0.4675480769230769 0.5408653846153846 0.0673076923076923 0.0985576923076923
1 0.20673076923076922 0.8894230769230769 0.11057692307692307 0.1346153846153846
1 0.07692307692307693 0.7788461538461539 0.10576923076923077 0.11298076923076923
1 0.15264423076923078 0.0829326923076923 0.07932692307692307 0.10576923076923077
1 0.15625 0.01201923076923077 0.0673076923076923 0.02403846153846154