1 0.16346153846153846 0.46033653846153844 0.09615384615384616 0.13942307692307693
1 0.5120192307692307 0.421875 0.06490384615384616 0.10096153846153846
1 0.7776442307692307 0.4026442307692308 0.08413461538461539 0.10096153846153846
1 0.2548076923076923 0.44711538461538464 0.0625 0.10336538461538461
1 0.39903846153846156 0.4723557692307692 0.05048076923076923 0.07211538461538461
1 0.5685096153846154 0.4483173076923077 0.04326923076923077 0.06971153846153846
1 0.6574519230769231 0.42788461538461536 0.052884615384615384 0.07451923076923077
1 0.7319711538461539 0.4362980769230769 0.055288461538461536 0.07692307692307693
1 0.8569711538461539 0.4026442307692308 0.04807692307692308 0.07932692307692307
1 0.8894230769230769 0.4014423076923077 0.052884615384615384 0.08413461538461539
1 0.9735576923076923 0.3485576923076923 0.028846153846153848 0.09134615384615384