1 0.7848557692307693 0.859375 0.10576923076923077 0.15384615384615385
1 0.9651442307692307 0.7043269230769231 0.06971153846153846 0.14903846153846154
1 0.42788461538461536 0.9387019230769231 0.09615384615384616 0.1201923076923077
1 0.6310096153846154 0.3918269230769231 0.07932692307692307 0.11298076923076923
1 0.3329326923076923 0.5528846153846154 0.08173076923076923 0.11298076923076923
1 0.19831730769230768 0.13822115384615385 0.0673076923076923 0.10096153846153846
1 0.21033653846153846 0.7403846153846154 0.0889423076923077 0.10336538461538461
1 0.3954326923076923 0.5012019230769231 0.057692307692307696 0.10096153846153846
1 0.6538461538461539 0.3088942307692308 0.0673076923076923 0.09615384615384616
1 0.7572115384615384 0.3762019230769231 0.07692307692307693 0.10096153846153846
1 0.4879807692307692 0.5192307692307693 0.06009615384615385 0.10096153846153846
1 0.265625 0.9375 0.10096153846153846 0.125
1 0.10697115384615384 0.8449519230769231 0.10096153846153846 0.11057692307692307
1 0.06850961538461539 0.078125 0.07211538461538461 0.10576923076923077