1 0.9747596153846154 0.4387019230769231 0.05048076923076923 0.25721153846153844
1 0.9194711538461539 0.46033653846153844 0.08173076923076923 0.23557692307692307
1 0.8076923076923077 0.43990384615384615 0.12740384615384615 0.28365384615384615
1 0.6514423076923077 0.4326923076923077 0.10576923076923077 0.2692307692307692
1 0.6899038461538461 0.3269230769230769 0.09134615384615384 0.25
1 0.4651442307692308 0.37740384615384615 0.09615384615384616 0.2403846153846154
1 0.5 0.3112980769230769 0.07932692307692307 0.16826923076923078
1 0.3161057692307692 0.4362980769230769 0.10096153846153846 0.2548076923076923
1 0.18629807692307693 0.29447115384615385 0.12980769230769232 0.2980769230769231
1 0.3317307692307692 0.2668269230769231 0.10096153846153846 0.17548076923076922
1 0.051682692307692304 0.4014423076923077 0.09134615384615384 0.16826923076923078
0 0.5120192307692307 0.4795673076923077 0.10096153846153846 0.21153846153846154