1 0.7872596153846154 0.36899038461538464 0.08173076923076923 0.125
1 0.9651442307692307 0.4230769230769231 0.06971153846153846 0.11057692307692307
1 0.4543269230769231 0.3786057692307692 0.06490384615384616 0.08653846153846154
1 0.8930288461538461 0.4170673076923077 0.04807692307692308 0.07451923076923077
1 0.7319711538461539 0.4074519230769231 0.055288461538461536 0.08413461538461539
1 0.6622596153846154 0.4098557692307692 0.036057692307692304 0.0625
0 0.625 0.39663461538461536 0.052884615384615384 0.07451923076923077
1 0.5108173076923077 0.35216346153846156 0.04807692307692308 0.08173076923076923
1 0.40625 0.35336538461538464 0.04326923076923077 0.0889423076923077
1 0.3317307692307692 0.3425480769230769 0.052884615384615384 0.09615384615384616
1 0.27524038461538464 0.3401442307692308 0.05048076923076923 0.08653846153846154