0 0.15985576923076922 0.44350961538461536 0.06490384615384616 0.09134615384615384
0 0.36778846153846156 0.4495192307692308 0.040865384615384616 0.055288461538461536
0 0.4495192307692308 0.4362980769230769 0.040865384615384616 0.057692307692307696
0 0.5288461538461539 0.4326923076923077 0.04567307692307692 0.06490384615384616
0 0.6418269230769231 0.4170673076923077 0.04326923076923077 0.06009615384615385
0 0.6911057692307693 0.421875 0.040865384615384616 0.057692307692307696
0 0.7271634615384616 0.42427884615384615 0.040865384615384616 0.05048076923076923
0 0.7980769230769231 0.4050480769230769 0.04567307692307692 0.07211538461538461
0 0.8521634615384616 0.36899038461538464 0.040865384615384616 0.05048076923076923
0 0.859375 0.40625 0.052884615384615384 0.0673076923076923
0 0.9098557692307693 0.3641826923076923 0.038461538461538464 0.0625
0 0.9375 0.38221153846153844 0.03365384615384615 0.052884615384615384
0 0.9855769230769231 0.38100961538461536 0.019230769230769232 0.07692307692307693