0 0.7716346153846154 0.3545673076923077 0.07211538461538461 0.09615384615384616
0 0.5637019230769231 0.40024038461538464 0.04567307692307692 0.06009615384615385
0 0.47836538461538464 0.40384615384615385 0.04326923076923077 0.0625
0 0.39783653846153844 0.4170673076923077 0.05048076923076923 0.0673076923076923
0 0.27884615384615385 0.421875 0.04567307692307692 0.0625
0 0.23076923076923078 0.4375 0.04326923076923077 0.0625
0 0.19471153846153846 0.44591346153846156 0.04567307692307692 0.052884615384615384
0 0.1201923076923077 0.43990384615384615 0.05048076923076923 0.07692307692307693
0 0.057692307692307696 0.41586538461538464 0.04567307692307692 0.052884615384615384
0 0.056490384615384616 0.4543269230769231 0.057692307692307696 0.07211538461538461
0 0.009615384615384616 0.4206730769230769 0.019230769230769232 0.0673076923076923