1 0.9651442307692307 0.3918269230769231 0.06971153846153846 0.24519230769230768
1 0.9098557692307693 0.4170673076923077 0.08653846153846154 0.22355769230769232
1 0.8040865384615384 0.40384615384615385 0.13221153846153846 0.27163461538461536
1 0.6574519230769231 0.40384615384615385 0.11298076923076923 0.25721153846153844
1 0.6887019230769231 0.30288461538461536 0.0985576923076923 0.23798076923076922
1 0.4807692307692308 0.36177884615384615 0.10096153846153846 0.2283653846153846
1 0.5108173076923077 0.2980769230769231 0.08173076923076923 0.16105769230769232
1 0.34615384615384615 0.42427884615384615 0.10817307692307693 0.24278846153846154
1 0.21754807692307693 0.2980769230769231 0.13701923076923078 0.2860576923076923
1 0.35336538461538464 0.2644230769230769 0.10336538461538461 0.16826923076923078
1 0.09735576923076923 0.40384615384615385 0.09375 0.16105769230769232
1 0.028846153846153848 0.3004807692307692 0.057692307692307696 0.30288461538461536
0 0.5300480769230769 0.45552884615384615 0.10576923076923077 0.20432692307692307