1 0.8389423076923077 0.390625 0.08653846153846154 0.11057692307692307
1 0.09014423076923077 0.5757211538461539 0.06009615384615385 0.09134615384615384
0 0.04326923076923077 0.5853365384615384 0.0673076923076923 0.0985576923076923
1 0.0733173076923077 0.5072115384615384 0.05048076923076923 0.07932692307692307
1 0.17067307692307693 0.5432692307692307 0.040865384615384616 0.07932692307692307
0 0.20432692307692307 0.5336538461538461 0.06009615384615385 0.07932692307692307
0 0.734375 0.40625 0.06490384615384616 0.08413461538461539
0 0.640625 0.4891826923076923 0.05048076923076923 0.06009615384615385
0 0.6057692307692307 0.4723557692307692 0.040865384615384616 0.07211538461538461
0 0.5757211538461539 0.46875 0.04807692307692308 0.08413461538461539
1 0.5120192307692307 0.47115384615384615 0.04567307692307692 0.08653846153846154
0 0.47716346153846156 0.47115384615384615 0.055288461538461536 0.09375
0 0.36778846153846156 0.5228365384615384 0.0673076923076923 0.10336538461538461
0 0.43149038461538464 0.4951923076923077 0.052884615384615384 0.09134615384615384
0 0.3329326923076923 0.5072115384615384 0.052884615384615384 0.09134615384615384