0 0.6935096153846154 0.38461538461538464 0.057692307692307696 0.10096153846153846
0 0.3918269230769231 0.3557692307692308 0.0625 0.0985576923076923
0 0.25600961538461536 0.33774038461538464 0.0625 0.09134615384615384
0 0.8137019230769231 0.4050480769230769 0.0625 0.07932692307692307
0 0.5961538461538461 0.38341346153846156 0.04326923076923077 0.07692307692307693
0 0.5444711538461539 0.33774038461538464 0.06490384615384616 0.0985576923076923
0 0.47115384615384615 0.3473557692307692 0.04807692307692308 0.08173076923076923
0 0.3016826923076923 0.35096153846153844 0.036057692307692304 0.07211538461538461
0 0.2127403846153846 0.34615384615384615 0.03365384615384615 0.06971153846153846
0 0.1502403846153846 0.33413461538461536 0.04807692307692308 0.08413461538461539
0 0.09495192307692307 0.35096153846153844 0.0625 0.10336538461538461