1 0.8449519230769231 0.4831730769230769 0.08413461538461539 0.10576923076923077
1 0.09375 0.42788461538461536 0.06009615384615385 0.0889423076923077
0 0.04807692307692308 0.4230769230769231 0.06490384615384616 0.09375
1 0.09975961538461539 0.359375 0.04807692307692308 0.07692307692307693
1 0.17908653846153846 0.4230769230769231 0.040865384615384616 0.07692307692307693
0 0.2127403846153846 0.42427884615384615 0.057692307692307696 0.07692307692307693
0 0.7427884615384616 0.46634615384615385 0.0625 0.07932692307692307
0 0.6310096153846154 0.5132211538461539 0.04807692307692308 0.06009615384615385
0 0.6021634615384616 0.4891826923076923 0.040865384615384616 0.06971153846153846
0 0.5757211538461539 0.47596153846153844 0.04807692307692308 0.08173076923076923
1 0.515625 0.46033653846153844 0.04326923076923077 0.08413461538461539
0 0.484375 0.4495192307692308 0.055288461538461536 0.09134615384615384
0 0.36658653846153844 0.46274038461538464 0.0673076923076923 0.10096153846153846
0 0.4338942307692308 0.4567307692307692 0.05048076923076923 0.0889423076923077
0 0.3389423076923077 0.4375 0.05048076923076923 0.0889423076923077