1 0.8137019230769231 0.3641826923076923 0.0889423076923077 0.13221153846153846
1 0.47716346153846156 0.42908653846153844 0.057692307692307696 0.09615384615384616
1 0.22235576923076922 0.48677884615384615 0.07692307692307693 0.09615384615384616
1 0.7235576923076923 0.3798076923076923 0.055288461538461536 0.0985576923076923
1 0.5973557692307693 0.44350961538461536 0.04807692307692308 0.0673076923076923
1 0.43149038461538464 0.4699519230769231 0.040865384615384616 0.0673076923076923
1 0.3425480769230769 0.47596153846153844 0.04807692307692308 0.07211538461538461
1 0.27524038461538464 0.5048076923076923 0.05048076923076923 0.07451923076923077
1 0.14783653846153846 0.5096153846153846 0.04326923076923077 0.07692307692307693
1 0.11778846153846154 0.5180288461538461 0.04807692307692308 0.07932692307692307
1 0.018028846153846152 0.49158653846153844 0.036057692307692304 0.09375