0 0.6790865384615384 0.3389423076923077 0.05048076923076923 0.0985576923076923
0 0.3713942307692308 0.33774038461538464 0.055288461538461536 0.09615384615384616
0 0.23197115384615385 0.3317307692307692 0.055288461538461536 0.0889423076923077
0 0.8028846153846154 0.34975961538461536 0.057692307692307696 0.07692307692307693
0 0.5805288461538461 0.3473557692307692 0.038461538461538464 0.07692307692307693
0 0.5240384615384616 0.30528846153846156 0.057692307692307696 0.09615384615384616
0 0.4519230769230769 0.3233173076923077 0.04326923076923077 0.07932692307692307
0 0.2800480769230769 0.34134615384615385 0.03125 0.06971153846153846
0 0.18990384615384615 0.34375 0.028846153846153848 0.06971153846153846
0 0.125 0.33774038461538464 0.04326923076923077 0.08173076923076923
0 0.06971153846153846 0.359375 0.055288461538461536 0.10096153846153846