1 0.32572115384615385 0.23557692307692307 0.3245192307692308 0.3269230769230769
1 0.08533653846153846 0.12980769230769232 0.16826923076923078 0.21634615384615385
1 0.5504807692307693 0.17668269230769232 0.22596153846153846 0.21394230769230768
1 0.7019230769230769 0.28966346153846156 0.11057692307692307 0.1201923076923077
1 0.9387019230769231 0.11177884615384616 0.12259615384615384 0.22355769230769232
0 0.6971153846153846 0.03125 0.08653846153846154 0.0625
0 0.5372596153846154 0.036057692307692304 0.0889423076923077 0.07211538461538461
0 0.6141826923076923 0.025240384615384616 0.0625 0.05048076923076923
0 0.484375 0.028846153846153848 0.052884615384615384 0.057692307692307696
0 0.8473557692307693 0.0673076923076923 0.0625 0.055288461538461536
0 0.3581730769230769 0.039663461538461536 0.052884615384615384 0.05048076923076923