1 0.9447115384615384 0.5012019230769231 0.04807692307692308 0.07451923076923077
1 0.9230769230769231 0.4879807692307692 0.04567307692307692 0.0889423076923077
1 0.8449519230769231 0.5144230769230769 0.0625 0.08413461538461539
1 0.4639423076923077 0.4206730769230769 0.04326923076923077 0.0673076923076923
1 0.35697115384615385 0.38100961538461536 0.04326923076923077 0.0673076923076923
1 0.056490384615384616 0.34375 0.04326923076923077 0.07451923076923077
1 0.15144230769230768 0.36899038461538464 0.04326923076923077 0.06971153846153846
1 0.24639423076923078 0.3641826923076923 0.040865384615384616 0.07692307692307693
1 0.2800480769230769 0.38461538461538464 0.040865384615384616 0.06971153846153846
1 0.3233173076923077 0.39663461538461536 0.04326923076923077 0.0673076923076923
1 0.02283653846153846 0.3473557692307692 0.02403846153846154 0.07451923076923077