1 0.8942307692307693 0.35216346153846156 0.06971153846153846 0.1346153846153846
1 0.6466346153846154 0.3076923076923077 0.0625 0.11298076923076923
1 0.35216346153846156 0.2692307692307692 0.052884615384615384 0.11057692307692307
1 0.5661057692307693 0.25721153846153844 0.06009615384615385 0.11298076923076923
1 0.9771634615384616 0.26322115384615385 0.04567307692307692 0.17067307692307693
1 0.7884615384615384 0.3173076923076923 0.055288461538461536 0.10336538461538461
1 0.8401442307692307 0.33413461538461536 0.04567307692307692 0.08653846153846154
1 0.12259615384615384 0.3112980769230769 0.05048076923076923 0.10336538461538461
1 0.02403846153846154 0.2548076923076923 0.036057692307692304 0.1466346153846154
1 0.042067307692307696 0.2247596153846154 0.036057692307692304 0.07451923076923077
1 0.53125 0.28846153846153844 0.038461538461538464 0.08173076923076923
1 0.9675480769230769 0.34375 0.04567307692307692 0.10336538461538461
1 0.12139423076923077 0.2620192307692308 0.038461538461538464 0.07932692307692307