1 0.13822115384615385 0.33413461538461536 0.11298076923076923 0.17067307692307693
0 0.23076923076923078 0.33533653846153844 0.055288461538461536 0.09134615384615384
0 0.2932692307692308 0.35096153846153844 0.07692307692307693 0.1346153846153846
1 0.36899038461538464 0.2956730769230769 0.07451923076923077 0.12980769230769232
1 0.49278846153846156 0.265625 0.09375 0.1658653846153846
0 0.5576923076923077 0.28365384615384615 0.07451923076923077 0.12740384615384615
0 0.6358173076923077 0.28125 0.08413461538461539 0.14182692307692307
0 0.7223557692307693 0.2932692307692308 0.07211538461538461 0.12740384615384615
0 0.7644230769230769 0.2824519230769231 0.04567307692307692 0.08413461538461539
0 0.9194711538461539 0.2668269230769231 0.0985576923076923 0.1658653846153846
0 0.9675480769230769 0.2776442307692308 0.038461538461538464 0.14423076923076922