1 0.9122596153846154 0.43028846153846156 0.0889423076923077 0.1466346153846154
1 0.6598557692307693 0.35096153846153844 0.07932692307692307 0.125
1 0.3581730769230769 0.27283653846153844 0.06971153846153846 0.1201923076923077
1 0.5829326923076923 0.28966346153846156 0.07451923076923077 0.125
1 0.9879807692307693 0.34615384615384615 0.02403846153846154 0.18269230769230768
1 0.8064903846153846 0.3798076923076923 0.06971153846153846 0.11298076923076923
1 0.8581730769230769 0.4050480769230769 0.057692307692307696 0.09375
1 0.11538461538461539 0.28846153846153844 0.06490384615384616 0.11298076923076923
1 0.051682692307692304 0.1875 0.028846153846153848 0.07932692307692307
1 0.5420673076923077 0.3173076923076923 0.05048076923076923 0.0889423076923077
1 0.9783653846153846 0.42908653846153844 0.04326923076923077 0.11298076923076923
1 0.11899038461538461 0.23677884615384615 0.05048076923076923 0.08653846153846154