0 0.22115384615384615 0.5096153846153846 0.07211538461538461 0.12980769230769232
0 0.7704326923076923 0.5168269230769231 0.08413461538461539 0.14423076923076922
0 0.12740384615384615 0.5264423076923077 0.11778846153846154 0.18028846153846154
0 0.8894230769230769 0.5697115384615384 0.14423076923076922 0.23076923076923078
0 0.71875 0.5036057692307693 0.0673076923076923 0.1201923076923077
0 0.2824519230769231 0.5336538461538461 0.055288461538461536 0.10817307692307693
0 0.31490384615384615 0.5 0.040865384615384616 0.06971153846153846
0 0.34615384615384615 0.4963942307692308 0.036057692307692304 0.06971153846153846
0 0.4735576923076923 0.49038461538461536 0.040865384615384616 0.06009615384615385
0 0.5733173076923077 0.49278846153846156 0.040865384615384616 0.06971153846153846
0 0.6334134615384616 0.49759615384615385 0.05048076923076923 0.08413461538461539