1 0.41466346153846156 0.7127403846153846 0.0673076923076923 0.09134615384615384
1 0.014423076923076924 0.6935096153846154 0.028846153846153848 0.09375
1 0.8786057692307693 0.7379807692307693 0.057692307692307696 0.08653846153846154
1 0.6634615384615384 0.5372596153846154 0.05048076923076923 0.0673076923076923
1 0.7908653846153846 0.5264423076923077 0.04326923076923077 0.06009615384615385
1 0.9675480769230769 0.5865384615384616 0.040865384615384616 0.06009615384615385
1 0.6358173076923077 0.6286057692307693 0.036057692307692304 0.04567307692307692
1 0.5012019230769231 0.4230769230769231 0.03365384615384615 0.05048076923076923
1 0.5372596153846154 0.41586538461538464 0.038461538461538464 0.052884615384615384
1 0.25240384615384615 0.36658653846153844 0.052884615384615384 0.0625
1 0.9507211538461539 0.4651442307692308 0.038461538461538464 0.04326923076923077
1 0.9194711538461539 0.43509615384615385 0.038461538461538464 0.05048076923076923
1 0.8641826923076923 0.4014423076923077 0.026442307692307692 0.040865384615384616
0 0.8509615384615384 0.7692307692307693 0.04567307692307692 0.06490384615384616
1 0.7776442307692307 0.46634615384615385 0.03125 0.04567307692307692