1 0.4050480769230769 0.36177884615384615 0.052884615384615384 0.10336538461538461
1 0.037259615384615384 0.47716346153846156 0.05048076923076923 0.0985576923076923
1 0.15985576923076922 0.5685096153846154 0.0625 0.09615384615384616
1 0.36778846153846156 0.17668269230769232 0.040865384615384616 0.0673076923076923
1 0.34375 0.13822115384615385 0.040865384615384616 0.08653846153846154
1 0.6045673076923077 0.5612980769230769 0.05048076923076923 0.10336538461538461
1 0.7932692307692307 0.5805288461538461 0.0625 0.09375
1 0.5769230769230769 0.3894230769230769 0.052884615384615384 0.09615384615384616
1 0.6358173076923077 0.40625 0.06009615384615385 0.10336538461538461
1 0.8161057692307693 0.41346153846153844 0.057692307692307696 0.09615384615384616
1 0.8581730769230769 0.4098557692307692 0.038461538461538464 0.07932692307692307