1 0.6526442307692307 0.4879807692307692 0.052884615384615384 0.07692307692307693
0 0.4254807692307692 0.47475961538461536 0.052884615384615384 0.07451923076923077
0 0.06009615384615385 0.43990384615384615 0.057692307692307696 0.08653846153846154
0 0.5372596153846154 0.49399038461538464 0.04326923076923077 0.06971153846153846
0 0.7632211538461539 0.5360576923076923 0.055288461538461536 0.07451923076923077
0 0.9302884615384616 0.5889423076923077 0.07451923076923077 0.10817307692307693
0 0.8894230769230769 0.546875 0.04567307692307692 0.0889423076923077
0 0.6021634615384616 0.5072115384615384 0.04326923076923077 0.06971153846153846
0 0.7163461538461539 0.5120192307692307 0.05048076923076923 0.07451923076923077
0 0.8473557692307693 0.5216346153846154 0.04326923076923077 0.08173076923076923
0 0.8088942307692307 0.5348557692307693 0.04326923076923077 0.07211538461538461