1 0.38100961538461536 0.6959134615384616 0.0625 0.08653846153846154
1 0.8449519230769231 0.6959134615384616 0.052884615384615384 0.08413461538461539
1 0.6213942307692307 0.5096153846153846 0.04807692307692308 0.06490384615384616
1 0.7463942307692307 0.49158653846153844 0.038461538461538464 0.057692307692307696
1 0.9254807692307693 0.5420673076923077 0.036057692307692304 0.057692307692307696
1 0.5985576923076923 0.5997596153846154 0.03365384615384615 0.04567307692307692
1 0.4543269230769231 0.40384615384615385 0.03125 0.05048076923076923
1 0.4891826923076923 0.3942307692307692 0.036057692307692304 0.05048076923076923
1 0.20432692307692307 0.36177884615384615 0.05048076923076923 0.0625
1 0.9026442307692307 0.4230769230769231 0.036057692307692304 0.040865384615384616
1 0.8713942307692307 0.3942307692307692 0.036057692307692304 0.04807692307692308
1 0.8149038461538461 0.3629807692307692 0.02403846153846154 0.040865384615384616
0 0.8185096153846154 0.7295673076923077 0.04326923076923077 0.06490384615384616
1 0.7319711538461539 0.4326923076923077 0.028846153846153848 0.04326923076923077