1 0.6646634615384616 0.4795673076923077 0.057692307692307696 0.08173076923076923
0 0.421875 0.4639423076923077 0.057692307692307696 0.07932692307692307
0 0.03365384615384615 0.4254807692307692 0.06009615384615385 0.09134615384615384
0 0.5408653846153846 0.4831730769230769 0.04567307692307692 0.07451923076923077
0 0.78125 0.5276442307692307 0.06009615384615385 0.07932692307692307
0 0.9603365384615384 0.5829326923076923 0.07692307692307693 0.11778846153846154
0 0.9158653846153846 0.5384615384615384 0.04807692307692308 0.09375
0 0.6105769230769231 0.4987980769230769 0.04567307692307692 0.07451923076923077
0 0.7319711538461539 0.5036057692307693 0.055288461538461536 0.08173076923076923
0 0.8713942307692307 0.5144230769230769 0.04567307692307692 0.08653846153846154
0 0.8305288461538461 0.5276442307692307 0.04567307692307692 0.07692307692307693