1 0.21995192307692307 0.17908653846153846 0.09134615384615384 0.14903846153846154
1 0.04807692307692308 0.4675480769230769 0.09615384615384616 0.13221153846153846
1 0.5396634615384616 0.2091346153846154 0.0625 0.10336538461538461
1 0.6045673076923077 0.3798076923076923 0.07211538461538461 0.10096153846153846
1 0.27163461538461536 0.24639423076923078 0.0985576923076923 0.15625
1 0.04567307692307692 0.34975961538461536 0.07692307692307693 0.12980769230769232
1 0.78125 0.45072115384615385 0.05048076923076923 0.0673076923076923
1 0.8305288461538461 0.4326923076923077 0.04807692307692308 0.08173076923076923
1 0.5432692307692307 0.35216346153846156 0.04326923076923077 0.08653846153846154
1 0.23918269230769232 0.34134615384615385 0.06490384615384616 0.11538461538461539
1 0.7572115384615384 0.2644230769230769 0.040865384615384616 0.06490384615384616
1 0.8052884615384616 0.28125 0.04326923076923077 0.06009615384615385
1 0.8798076923076923 0.4411057692307692 0.04807692307692308 0.06971153846153846
1 0.4170673076923077 0.3449519230769231 0.057692307692307696 0.0985576923076923
1 0.7644230769230769 0.4014423076923077 0.04326923076923077 0.06490384615384616
1 0.7043269230769231 0.3629807692307692 0.036057692307692304 0.0625