1 0.9447115384615384 0.39783653846153844 0.07692307692307693 0.14423076923076922
1 0.6790865384615384 0.3449519230769231 0.06971153846153846 0.12259615384615384
1 0.3641826923076923 0.296875 0.057692307692307696 0.11778846153846154
1 0.59375 0.28966346153846156 0.06490384615384616 0.12259615384615384
1 0.8317307692307693 0.35697115384615385 0.06009615384615385 0.11057692307692307
1 0.8870192307692307 0.37740384615384615 0.04807692307692308 0.09134615384615384
1 0.11778846153846154 0.33774038461538464 0.055288461538461536 0.11057692307692307
1 0.019230769230769232 0.2776442307692308 0.02403846153846154 0.15625
1 0.03245192307692308 0.24278846153846154 0.04326923076923077 0.08173076923076923
1 0.5552884615384616 0.32091346153846156 0.04326923076923077 0.0889423076923077
1 0.11538461538461539 0.2860576923076923 0.04326923076923077 0.08413461538461539