0 0.7764423076923077 0.48197115384615385 0.07451923076923077 0.1346153846153846
0 0.19591346153846154 0.4987980769230769 0.08653846153846154 0.15144230769230768
0 0.875 0.4987980769230769 0.1201923076923077 0.18990384615384615
0 0.07211538461538461 0.5576923076923077 0.14423076923076922 0.2403846153846154
0 0.24879807692307693 0.4855769230769231 0.06971153846153846 0.125
0 0.7115384615384616 0.5072115384615384 0.055288461538461536 0.11298076923076923
0 0.6778846153846154 0.4735576923076923 0.04326923076923077 0.07211538461538461
0 0.6442307692307693 0.46875 0.038461538461538464 0.07211538461538461
0 0.5096153846153846 0.46634615384615385 0.040865384615384616 0.0625
0 0.4050480769230769 0.4699519230769231 0.04326923076923077 0.07211538461538461
0 0.34134615384615385 0.47596153846153844 0.05048076923076923 0.0889423076923077