1 0.3798076923076923 0.375 0.052884615384615384 0.10576923076923077
1 0.01201923076923077 0.5096153846153846 0.02403846153846154 0.10096153846153846
1 0.13221153846153846 0.5985576923076923 0.0625 0.0985576923076923
1 0.3329326923076923 0.18389423076923078 0.038461538461538464 0.06971153846153846
1 0.3076923076923077 0.14423076923076922 0.040865384615384616 0.0889423076923077
1 0.5949519230769231 0.5757211538461539 0.05048076923076923 0.10576923076923077
1 0.7932692307692307 0.5889423076923077 0.0625 0.09375
1 0.5588942307692307 0.39783653846153844 0.05048076923076923 0.0985576923076923
1 0.6213942307692307 0.4110576923076923 0.06009615384615385 0.10576923076923077
1 0.8088942307692307 0.41466346153846156 0.055288461538461536 0.0985576923076923
1 0.8533653846153846 0.4074519230769231 0.038461538461538464 0.08173076923076923