1 0.19230769230769232 0.2848557692307692 0.10096153846153846 0.16105769230769232
1 0.03245192307692308 0.22115384615384615 0.04326923076923077 0.13701923076923078
0 0.2800480769230769 0.29927884615384615 0.04807692307692308 0.08653846153846154
0 0.33653846153846156 0.32572115384615385 0.06971153846153846 0.12740384615384615
1 0.4170673076923077 0.2824519230769231 0.0673076923076923 0.12259615384615384
1 0.5384615384615384 0.27283653846153844 0.08173076923076923 0.15625
0 0.5985576923076923 0.3004807692307692 0.0673076923076923 0.1201923076923077
0 0.671875 0.31009615384615385 0.07451923076923077 0.13221153846153846
0 0.7548076923076923 0.33413461538461536 0.06490384615384616 0.1201923076923077
0 0.7944711538461539 0.33052884615384615 0.040865384615384616 0.07932692307692307
0 0.9447115384615384 0.3389423076923077 0.08653846153846154 0.15625
0 0.9855769230769231 0.3557692307692308 0.028846153846153848 0.13942307692307693