1 0.8509615384615384 0.234375 0.0889423076923077 0.15384615384615385
1 0.9627403846153846 0.5588942307692307 0.07451923076923077 0.13221153846153846
1 0.5168269230769231 0.20673076923076922 0.06009615384615385 0.10576923076923077
1 0.41947115384615385 0.36899038461538464 0.07211538461538461 0.10336538461538461
1 0.7860576923076923 0.2932692307692308 0.0985576923076923 0.16105769230769232
1 0.9807692307692307 0.4387019230769231 0.038461538461538464 0.13221153846153846
1 0.22716346153846154 0.4110576923076923 0.05048076923076923 0.0673076923076923
1 0.1778846153846154 0.38461538461538464 0.04807692307692308 0.08173076923076923
1 0.4879807692307692 0.35336538461538464 0.040865384615384616 0.0889423076923077
1 0.8028846153846154 0.3954326923076923 0.0625 0.11778846153846154
1 0.2848557692307692 0.2247596153846154 0.040865384615384616 0.0673076923076923
1 0.23076923076923078 0.23317307692307693 0.04326923076923077 0.06009615384615385
1 0.12740384615384615 0.38221153846153844 0.04567307692307692 0.07211538461538461
1 0.6189903846153846 0.36778846153846156 0.057692307692307696 0.10096153846153846
1 0.25240384615384615 0.3629807692307692 0.040865384615384616 0.0673076923076923
1 0.32091346153846156 0.33533653846153844 0.036057692307692304 0.0625