1 0.2403846153846154 0.25721153846153844 0.10096153846153846 0.16346153846153846
1 0.052884615384615384 0.19591346153846154 0.07932692307692307 0.14182692307692307
0 0.3317307692307692 0.2692307692307692 0.04807692307692308 0.0889423076923077
0 0.3918269230769231 0.2932692307692308 0.06490384615384616 0.12740384615384615
1 0.4735576923076923 0.24639423076923078 0.06490384615384616 0.125
1 0.5985576923076923 0.23076923076923078 0.07932692307692307 0.15865384615384615
0 0.6622596153846154 0.25721153846153844 0.06490384615384616 0.12259615384615384
0 0.7379807692307693 0.265625 0.07211538461538461 0.13701923076923078
0 0.8233173076923077 0.28846153846153844 0.0625 0.12259615384615384
0 0.8653846153846154 0.28125 0.038461538461538464 0.08173076923076923
0 0.9891826923076923 0.28365384615384615 0.021634615384615384 0.15865384615384615