1 0.34615384615384615 0.4651442307692308 0.055288461538461536 0.07692307692307693
0 0.5793269230769231 0.5048076923076923 0.052884615384615384 0.07451923076923077
0 0.9543269230769231 0.5540865384615384 0.057692307692307696 0.08653846153846154
0 0.46274038461538464 0.49759615384615385 0.04326923076923077 0.06971153846153846
0 0.22596153846153846 0.48677884615384615 0.055288461538461536 0.07451923076923077
0 0.04447115384615385 0.5012019230769231 0.07451923076923077 0.11298076923076923
0 0.09615384615384616 0.46875 0.04567307692307692 0.0889423076923077
0 0.3942307692307692 0.49759615384615385 0.04326923076923077 0.06971153846153846
0 0.2776442307692308 0.47596153846153844 0.052884615384615384 0.07692307692307693
0 0.14302884615384615 0.4543269230769231 0.040865384615384616 0.08413461538461539
0 0.17908653846153846 0.47596153846153844 0.04326923076923077 0.07451923076923077