1 0.8858173076923077 0.1875 0.10576923076923077 0.1658653846153846
1 0.9675480769230769 0.5348557692307693 0.06490384615384616 0.14182692307692307
1 0.5384615384615384 0.1346153846153846 0.07211538461538461 0.11298076923076923
1 0.4254807692307692 0.2980769230769231 0.08173076923076923 0.11298076923076923
1 0.8137019230769231 0.24519230769230768 0.11538461538461539 0.17307692307692307
1 0.9903846153846154 0.4098557692307692 0.019230769230769232 0.13701923076923078
1 0.21995192307692307 0.32572115384615385 0.057692307692307696 0.07451923076923077
1 0.17067307692307693 0.2956730769230769 0.055288461538461536 0.0889423076923077
1 0.49759615384615385 0.2848557692307692 0.05048076923076923 0.09615384615384616
1 0.8233173076923077 0.35336538461538464 0.07451923076923077 0.125
1 0.2932692307692308 0.13581730769230768 0.04567307692307692 0.07211538461538461
1 0.23918269230769232 0.140625 0.05048076923076923 0.06490384615384616
1 0.11778846153846154 0.28966346153846156 0.052884615384615384 0.07692307692307693
1 0.6334134615384616 0.31009615384615385 0.0673076923076923 0.11057692307692307
1 0.2512019230769231 0.2776442307692308 0.04807692307692308 0.07211538461538461
1 0.3245192307692308 0.2548076923076923 0.040865384615384616 0.0673076923076923