0 0.7980769230769231 0.49038461538461536 0.06971153846153846 0.12740384615384615
0 0.24879807692307693 0.5456730769230769 0.08173076923076923 0.14423076923076922
0 0.8942307692307693 0.5012019230769231 0.11538461538461539 0.18028846153846154
0 0.1346153846153846 0.6105769230769231 0.14182692307692307 0.2283653846153846
0 0.29927884615384615 0.5288461538461539 0.06490384615384616 0.1201923076923077
0 0.7403846153846154 0.5192307692307693 0.052884615384615384 0.10576923076923077
0 0.7043269230769231 0.4891826923076923 0.040865384615384616 0.06971153846153846
0 0.6730769230769231 0.4879807692307692 0.03365384615384615 0.0673076923076923
0 0.5456730769230769 0.49399038461538464 0.038461538461538464 0.06009615384615385
0 0.44591346153846156 0.5060096153846154 0.040865384615384616 0.06971153846153846
0 0.38461538461538464 0.5144230769230769 0.04807692307692308 0.08413461538461539