1 0.6069711538461539 0.32572115384615385 0.052884615384615384 0.11057692307692307
1 0.984375 0.4855769230769231 0.03125 0.10576923076923077
1 0.8521634615384616 0.5733173076923077 0.0625 0.10096153846153846
1 0.6646634615384616 0.12620192307692307 0.040865384615384616 0.07211538461538461
1 0.6935096153846154 0.08774038461538461 0.040865384615384616 0.09375
1 0.3713942307692308 0.5228365384615384 0.04807692307692308 0.11057692307692307
1 0.16346153846153846 0.5252403846153846 0.0625 0.09615384615384616
1 0.41586538461538464 0.3389423076923077 0.052884615384615384 0.10096153846153846
1 0.35096153846153844 0.35096153846153844 0.06009615384615385 0.11057692307692307
1 0.15504807692307693 0.3425480769230769 0.057692307692307696 0.10096153846153846
1 0.109375 0.3329326923076923 0.038461538461538464 0.08413461538461539