1 0.24158653846153846 0.609375 0.09375 0.15865384615384615
1 0.3581730769230769 0.5637019230769231 0.08173076923076923 0.14903846153846154
1 0.5060096153846154 0.5 0.06490384615384616 0.12980769230769232
1 0.7572115384615384 0.23677884615384615 0.04567307692307692 0.08173076923076923
1 0.5913461538461539 0.2764423076923077 0.052884615384615384 0.10336538461538461
1 0.5 0.28725961538461536 0.055288461538461536 0.09134615384615384
1 0.41947115384615385 0.27524038461538464 0.052884615384615384 0.08653846153846154
1 0.09975961538461539 0.39903846153846156 0.0625 0.11298076923076923
1 0.1814903846153846 0.36778846153846156 0.057692307692307696 0.09375
1 0.22235576923076922 0.33774038461538464 0.052884615384615384 0.09615384615384616
1 0.515625 0.21634615384615385 0.052884615384615384 0.09375
1 0.6610576923076923 0.24519230769230768 0.04567307692307692 0.06971153846153846
1 0.36177884615384615 0.28125 0.052884615384615384 0.09375
1 0.328125 0.28365384615384615 0.04567307692307692 0.08413461538461539
1 0.4050480769230769 0.2247596153846154 0.05048076923076923 0.07451923076923077
1 0.3954326923076923 0.17668269230769232 0.04567307692307692 0.07211538461538461
1 0.2824519230769231 0.3004807692307692 0.052884615384615384 0.08173076923076923
1 0.19831730769230768 0.2692307692307692 0.057692307692307696 0.09134615384615384
1 0.27283653846153844 0.19471153846153846 0.04326923076923077 0.06490384615384616
1 0.8137019230769231 0.25721153846153844 0.06490384615384616 0.0985576923076923
1 0.8521634615384616 0.25240384615384615 0.04807692307692308 0.08173076923076923
1 0.8846153846153846 0.22956730769230768 0.04567307692307692 0.06971153846153846
1 0.9110576923076923 0.21634615384615385 0.04326923076923077 0.06971153846153846
1 0.9314903846153846 0.21153846153846154 0.036057692307692304 0.06490384615384616
1 0.9675480769230769 0.22355769230769232 0.04567307692307692 0.07211538461538461
1 0.8161057692307693 0.15384615384615385 0.04326923076923077 0.0625
1 0.6274038461538461 0.1814903846153846 0.03365384615384615 0.04807692307692308
1 0.11658653846153846 0.109375 0.038461538461538464 0.08173076923076923
1 0.7524038461538461 0.1141826923076923 0.036057692307692304 0.057692307692307696
1 0.0829326923076923 0.08413461538461539 0.038461538461538464 0.08413461538461539
1 0.8197115384615384 0.0985576923076923 0.03125 0.052884615384615384
1 0.2512019230769231 0.13581730769230768 0.03125 0.052884615384615384