1 0.24879807692307693 0.5805288461538461 0.09134615384615384 0.16105769230769232
1 0.36538461538461536 0.5324519230769231 0.07932692307692307 0.15144230769230768
1 0.5120192307692307 0.4651442307692308 0.06490384615384616 0.12980769230769232
1 0.7620192307692307 0.19230769230769232 0.04567307692307692 0.08173076923076923
1 0.5949519230769231 0.23557692307692307 0.05048076923076923 0.10576923076923077
1 0.5048076923076923 0.25 0.055288461538461536 0.09134615384615384
1 0.421875 0.23798076923076922 0.052884615384615384 0.08653846153846154
1 0.10216346153846154 0.36899038461538464 0.06009615384615385 0.11298076923076923
1 0.18269230769230768 0.33653846153846156 0.057692307692307696 0.09375
1 0.2247596153846154 0.30649038461538464 0.05048076923076923 0.0985576923076923
1 0.5168269230769231 0.17668269230769232 0.052884615384615384 0.09375
1 0.6658653846153846 0.203125 0.04326923076923077 0.06971153846153846
1 0.3629807692307692 0.24639423076923078 0.05048076923076923 0.09375
1 0.33052884615384615 0.24759615384615385 0.04567307692307692 0.08653846153846154
1 0.40625 0.1875 0.05048076923076923 0.07451923076923077
1 0.39663461538461536 0.13822115384615385 0.04567307692307692 0.07451923076923077
1 0.28365384615384615 0.265625 0.052884615384615384 0.08173076923076923
1 0.19951923076923078 0.23677884615384615 0.057692307692307696 0.09134615384615384
1 0.27283653846153844 0.15745192307692307 0.040865384615384616 0.0673076923076923
1 0.8185096153846154 0.21153846153846154 0.06490384615384616 0.0985576923076923
1 0.8581730769230769 0.20673076923076922 0.04807692307692308 0.08173076923076923
1 0.8894230769230769 0.18269230769230768 0.04326923076923077 0.06971153846153846
1 0.9158653846153846 0.16826923076923078 0.040865384615384616 0.06971153846153846
1 0.9375 0.16466346153846154 0.036057692307692304 0.06490384615384616
1 0.9723557692307693 0.17548076923076922 0.04567307692307692 0.07451923076923077
1 0.8197115384615384 0.10697115384615384 0.040865384615384616 0.0625
1 0.6310096153846154 0.13942307692307693 0.03125 0.05048076923076923
1 0.11298076923076923 0.07572115384615384 0.036057692307692304 0.08173076923076923
1 0.7560096153846154 0.06850961538461539 0.036057692307692304 0.057692307692307696
1 0.07932692307692307 0.051682692307692304 0.036057692307692304 0.08413461538461539
1 0.8233173076923077 0.051682692307692304 0.028846153846153848 0.052884615384615384
1 0.25 0.0985576923076923 0.028846153846153848 0.052884615384615384