1 0.12740384615384615 0.2439903846153846 0.07932692307692307 0.12259615384615384
1 0.22956730769230768 0.24519230769230768 0.07932692307692307 0.12259615384615384
1 0.36899038461538464 0.18870192307692307 0.0673076923076923 0.10336538461538461
1 0.44471153846153844 0.2536057692307692 0.07692307692307693 0.12740384615384615
1 0.25600961538461536 0.42788461538461536 0.08413461538461539 0.11778846153846154
1 0.18269230769230768 0.5024038461538461 0.0889423076923077 0.13221153846153846
1 0.328125 0.49158653846153844 0.07932692307692307 0.1201923076923077
1 0.4326923076923077 0.4110576923076923 0.07692307692307693 0.11778846153846154
1 0.5889423076923077 0.2608173076923077 0.07451923076923077 0.11298076923076923
1 0.5504807692307693 0.20673076923076922 0.07451923076923077 0.11538461538461539
1 0.8978365384615384 0.32211538461538464 0.09134615384615384 0.1346153846153846
1 0.7824519230769231 0.27524038461538464 0.08413461538461539 0.125
1 0.7151442307692307 0.3016826923076923 0.08653846153846154 0.12980769230769232
1 0.6466346153846154 0.29927884615384615 0.0889423076923077 0.1201923076923077