1 0.8846153846153846 0.33413461538461536 0.06490384615384616 0.11778846153846154
1 0.78125 0.32091346153846156 0.0673076923076923 0.11778846153846154
1 0.6490384615384616 0.2439903846153846 0.055288461538461536 0.10096153846153846
1 0.5612980769230769 0.29927884615384615 0.0625 0.125
1 0.7283653846153846 0.5036057692307693 0.07211538461538461 0.11298076923076923
1 0.7944711538461539 0.5913461538461539 0.07451923076923077 0.12740384615384615
1 0.6466346153846154 0.5576923076923077 0.06490384615384616 0.11538461538461539
1 0.5528846153846154 0.46153846153846156 0.0625 0.11538461538461539
1 0.41586538461538464 0.2848557692307692 0.0625 0.11057692307692307
1 0.46033653846153844 0.23557692307692307 0.0625 0.11298076923076923
1 0.09254807692307693 0.30408653846153844 0.07692307692307693 0.13221153846153846
1 0.21514423076923078 0.27283653846153844 0.07211538461538461 0.11778846153846154
1 0.2800480769230769 0.3088942307692308 0.07211538461538461 0.125
1 0.35096153846153844 0.3161057692307692 0.07692307692307693 0.11778846153846154