1 0.2920673076923077 0.6454326923076923 0.09615384615384616 0.15144230769230768
1 0.38822115384615385 0.5817307692307693 0.08173076923076923 0.14423076923076922
1 0.5096153846153846 0.49158653846153844 0.0673076923076923 0.125
1 0.6838942307692307 0.19591346153846154 0.04807692307692308 0.07692307692307693
1 0.5396634615384616 0.2668269230769231 0.052884615384615384 0.10096153846153846
1 0.46033653846153844 0.2980769230769231 0.055288461538461536 0.08653846153846154
1 0.38341346153846156 0.30288461538461536 0.052884615384615384 0.08173076923076923
1 0.11778846153846154 0.4831730769230769 0.0625 0.10817307692307693
1 0.18509615384615385 0.4387019230769231 0.06009615384615385 0.0889423076923077
1 0.21634615384615385 0.4026442307692308 0.052884615384615384 0.09375
1 0.4579326923076923 0.22956730769230768 0.055288461538461536 0.0889423076923077
1 0.5985576923076923 0.22355769230769232 0.04567307692307692 0.0673076923076923
1 0.3329326923076923 0.32091346153846156 0.052884615384615384 0.0889423076923077
1 0.30288461538461536 0.328125 0.04807692307692308 0.08173076923076923
1 0.359375 0.25961538461538464 0.05048076923076923 0.07211538461538461
1 0.34134615384615385 0.21754807692307693 0.04567307692307692 0.06971153846153846
1 0.26322115384615385 0.3545673076923077 0.052884615384615384 0.07932692307692307
1 0.18028846153846154 0.3449519230769231 0.057692307692307696 0.08653846153846154
1 0.23317307692307693 0.25961538461538464 0.04326923076923077 0.0625
1 0.7403846153846154 0.203125 0.06490384615384616 0.09375
1 0.7740384615384616 0.19110576923076922 0.05048076923076923 0.07692307692307693
1 0.7980769230769231 0.16346153846153846 0.04567307692307692 0.0673076923076923
1 0.8209134615384616 0.14543269230769232 0.04326923076923077 0.0673076923076923
1 0.8389423076923077 0.13701923076923078 0.036057692307692304 0.0625
1 0.8725961538461539 0.13942307692307693 0.04567307692307692 0.06971153846153846
1 0.7211538461538461 0.10697115384615384 0.04326923076923077 0.06009615384615385
1 0.5552884615384616 0.17307692307692307 0.03125 0.04807692307692308
1 0.014423076923076924 0.40384615384615385 0.028846153846153848 0.09615384615384616
1 0.07211538461538461 0.21514423076923078 0.038461538461538464 0.07692307692307693
1 0.6538461538461539 0.08533653846153846 0.036057692307692304 0.055288461538461536
1 0.9098557692307693 0.054086538461538464 0.038461538461538464 0.06009615384615385
1 0.036057692307692304 0.19951923076923078 0.038461538461538464 0.07932692307692307
1 0.7127403846153846 0.056490384615384616 0.03125 0.05048076923076923
1 0.20072115384615385 0.2091346153846154 0.03125 0.05048076923076923