1 0.9278846153846154 0.33052884615384615 0.06009615384615385 0.11298076923076923
1 0.828125 0.3125 0.0625 0.11298076923076923
1 0.7043269230769231 0.23076923076923078 0.052884615384615384 0.09615384615384616
1 0.6177884615384616 0.2800480769230769 0.057692307692307696 0.11778846153846154
1 0.7680288461538461 0.4855769230769231 0.0673076923076923 0.10817307692307693
1 0.8269230769230769 0.5721153846153846 0.06971153846153846 0.1201923076923077
1 0.6875 0.5336538461538461 0.06009615384615385 0.11057692307692307
1 0.6009615384615384 0.43509615384615385 0.057692307692307696 0.11057692307692307
1 0.47716346153846156 0.25961538461538464 0.057692307692307696 0.10336538461538461
1 0.5252403846153846 0.21394230769230768 0.057692307692307696 0.10817307692307693
1 0.1658653846153846 0.2608173076923077 0.07211538461538461 0.125
1 0.28725961538461536 0.23798076923076922 0.0673076923076923 0.11298076923076923
1 0.3473557692307692 0.27524038461538464 0.0673076923076923 0.11778846153846154
1 0.41466346153846156 0.28725961538461536 0.07211538461538461 0.11057692307692307