1 0.14783653846153846 0.3401442307692308 0.0673076923076923 0.12740384615384615
1 0.8329326923076923 0.45552884615384615 0.0673076923076923 0.10817307692307693
0 0.49399038461538464 0.45552884615384615 0.055288461538461536 0.09134615384615384
0 0.6586538461538461 0.46875 0.05048076923076923 0.10096153846153846
0 0.3942307692307692 0.4579326923076923 0.036057692307692304 0.06971153846153846
0 0.36899038461538464 0.4495192307692308 0.03365384615384615 0.07692307692307693
0 0.3112980769230769 0.4651442307692308 0.05048076923076923 0.08413461538461539
0 0.6129807692307693 0.4855769230769231 0.04807692307692308 0.07692307692307693
0 0.7007211538461539 0.4855769230769231 0.036057692307692304 0.06009615384615385
0 0.5612980769230769 0.5024038461538461 0.038461538461538464 0.06009615384615385
0 0.9086538461538461 0.484375 0.057692307692307696 0.10096153846153846
1 0.9483173076923077 0.49759615384615385 0.040865384615384616 0.07692307692307693