1 0.16105769230769232 0.3245192307692308 0.07932692307692307 0.1346153846153846
1 0.8689903846153846 0.3798076923076923 0.07692307692307693 0.11538461538461539
0 0.5252403846153846 0.4098557692307692 0.06490384615384616 0.09615384615384616
0 0.6923076923076923 0.40865384615384615 0.06009615384615385 0.10576923076923077
0 0.421875 0.4206730769230769 0.04326923076923077 0.07451923076923077
0 0.3954326923076923 0.41466346153846156 0.040865384615384616 0.07932692307692307
0 0.3389423076923077 0.4362980769230769 0.057692307692307696 0.0889423076923077
0 0.6466346153846154 0.43028846153846156 0.055288461538461536 0.08173076923076923
0 0.7367788461538461 0.4230769230769231 0.040865384615384616 0.06490384615384616
0 0.5961538461538461 0.4519230769230769 0.04326923076923077 0.06490384615384616
0 0.9483173076923077 0.4026442307692308 0.0673076923076923 0.10817307692307693
1 0.9831730769230769 0.41225961538461536 0.028846153846153848 0.07932692307692307