1 0.07091346153846154 0.7860576923076923 0.12259615384615384 0.20673076923076922
1 0.4266826923076923 0.7091346153846154 0.11057692307692307 0.17307692307692307
1 0.16466346153846154 0.3161057692307692 0.04807692307692308 0.06490384615384616
1 0.40865384615384615 0.5276442307692307 0.055288461538461536 0.07211538461538461
1 0.5132211538461539 0.35216346153846156 0.052884615384615384 0.07932692307692307
1 0.42908653846153844 0.3485576923076923 0.04567307692307692 0.055288461538461536
1 0.11298076923076923 0.27163461538461536 0.04567307692307692 0.052884615384615384
1 0.14423076923076922 0.23677884615384615 0.03125 0.055288461538461536
1 0.5480769230769231 0.3401442307692308 0.036057692307692304 0.055288461538461536
1 0.12379807692307693 0.10096153846153846 0.03365384615384615 0.04326923076923077
1 0.5036057692307693 0.24639423076923078 0.03125 0.04326923076923077
1 0.6033653846153846 0.36177884615384615 0.04567307692307692 0.06971153846153846
1 0.765625 0.3545673076923077 0.06490384615384616 0.09134615384615384