1 0.8485576923076923 0.35216346153846156 0.07692307692307693 0.13221153846153846
1 0.14783653846153846 0.4206730769230769 0.07451923076923077 0.11298076923076923
0 0.49038461538461536 0.44471153846153844 0.06009615384615385 0.09375
0 0.3245192307692308 0.44471153846153844 0.057692307692307696 0.10576923076923077
0 0.5913461538461539 0.453125 0.040865384615384616 0.07211538461538461
0 0.6177884615384616 0.44711538461538464 0.040865384615384616 0.07932692307692307
0 0.6730769230769231 0.46634615384615385 0.055288461538461536 0.0889423076923077
0 0.36899038461538464 0.4651442307692308 0.052884615384615384 0.08173076923076923
0 0.2800480769230769 0.45913461538461536 0.038461538461538464 0.0625
0 0.41947115384615385 0.48677884615384615 0.040865384615384616 0.06490384615384616
0 0.06971153846153846 0.44350961538461536 0.06490384615384616 0.10576923076923077
1 0.027644230769230768 0.4543269230769231 0.04567307692307692 0.07932692307692307