1 0.9387019230769231 0.7271634615384616 0.12259615384615384 0.21394230769230768
1 0.5709134615384616 0.6959134615384616 0.11538461538461539 0.18028846153846154
1 0.7884615384615384 0.2644230769230769 0.04807692307692308 0.0673076923076923
1 0.5661057692307693 0.5084134615384616 0.06009615384615385 0.07451923076923077
1 0.4387019230769231 0.34375 0.055288461538461536 0.08173076923076923
1 0.5228365384615384 0.3293269230769231 0.04807692307692308 0.057692307692307696
1 0.8353365384615384 0.21153846153846154 0.04567307692307692 0.055288461538461536
1 0.7980769230769231 0.17908653846153846 0.03365384615384615 0.057692307692307696
1 0.40024038461538464 0.33413461538461536 0.038461538461538464 0.057692307692307696
1 0.9639423076923077 0.06009615384615385 0.019230769230769232 0.09134615384615384
1 0.8028846153846154 0.037259615384615384 0.036057692307692304 0.04326923076923077
1 0.4338942307692308 0.234375 0.03365384615384615 0.04326923076923077
1 0.34615384615384615 0.36538461538461536 0.04807692307692308 0.07211538461538461
1 0.18028846153846154 0.37740384615384615 0.06971153846153846 0.09615384615384616