1 0.0625 0.6730769230769231 0.125 0.20673076923076922
1 0.4074519230769231 0.6682692307692307 0.1201923076923077 0.17307692307692307
1 0.23317307692307693 0.25240384615384615 0.05048076923076923 0.0673076923076923
1 0.4230769230769231 0.49399038461538464 0.06009615384615385 0.07451923076923077
1 0.5528846153846154 0.34975961538461536 0.055288461538461536 0.07932692307692307
1 0.47475961538461536 0.33052884615384615 0.04567307692307692 0.057692307692307696
1 0.19230769230769232 0.20072115384615385 0.04567307692307692 0.052884615384615384
1 0.22956730769230768 0.17307692307692307 0.03365384615384615 0.055288461538461536
1 0.5889423076923077 0.34375 0.038461538461538464 0.055288461538461536
1 0.0733173076923077 0.051682692307692304 0.038461538461538464 0.0889423076923077
1 0.234375 0.04326923076923077 0.036057692307692304 0.04326923076923077
1 0.5637019230769231 0.24759615384615385 0.03365384615384615 0.04326923076923077
1 0.6370192307692307 0.375 0.04807692307692308 0.06971153846153846
1 0.7896634615384616 0.39783653846153844 0.06971153846153846 0.09134615384615384
1 0.042067307692307696 0.22716346153846154 0.02403846153846154 0.0889423076923077